1.629621090751920631e+00 2.253790143602054652e-01 4.730433897889467776e-01 -2.233328615925840935e-02 7.393935989051686475e-02 3.540127751756685925e-01 9.320456804259814598e-01
1.632179508325906081e+00 2.255658437524459825e-01 4.714858546977344633e-01 -2.309428908425080126e-02 7.258503956404462054e-02 3.605934229985595096e-01 9.296076856036427083e-01
1.631161148398709182e+00 2.259082051867703500e-01 4.710738832387370012e-01 -2.424165436758664999e-02 7.340183694441365647e-02 3.625859876689247474e-01 9.287388836873680109e-01
1.629144463586436942e+00 2.272407487240836743e-01 4.724246366175243739e-01 -2.642613497131813052e-02 7.226629068219594942e-02 3.652021026149442351e-01 9.277427805524210980e-01
1.626815600874689238e+00 2.261344105549195349e-01 4.731605193424333611e-01 -2.558906785711958370e-02 7.219457387313561736e-02 3.651568354047775578e-01 9.277896467770312405e-01
1.627629301654823335e+00 2.263506695288379778e-01 4.758403225658808799e-01 -2.172456843536252000e-02 6.895679442602140052e-02 3.649886998178543118e-01 9.282005454825250634e-01
1.628602700007998560e+00 2.244378216603770682e-01 4.767735488116692233e-01 -2.253553014167303942e-02 6.452216519622397395e-02 3.706063977537070731e-01 9.262720647971879329e-01
1.626663949203357218e+00 2.258265507770060021e-01 4.753281916557403619e-01 -2.045004330304414988e-02 6.386445181603188359e-02 3.706650788821149733e-01 9.263425537135043797e-01
1.625426140299864874e+00 2.280948884545207223e-01 4.764326676067875965e-01 -2.436545555642625691e-02 6.259043501923840236e-02 3.700162367952144482e-01 9.265941649543979475e-01
1.625943623382247294e+00 2.280016128474790515e-01 4.741729884629415914e-01 -1.966412827211644343e-02 6.037401666845765985e-02 3.774788588313154891e-01 9.238387366342798446e-01
1.623615246551821878e+00 2.298953651760951844e-01 4.709980068819199506e-01 -1.775409484382078906e-02 5.778623606838896587e-02 3.800284710225914075e-01 9.229972395676795394e-01
1.623166022118676111e+00 2.275938009876064538e-01 4.677648610608777235e-01 -2.192241012832444463e-02 5.787097413395764223e-02 3.830629600562518999e-01 9.216469643631962638e-01
1.622185059300208287e+00 2.277920210845623128e-01 4.680863145140800041e-01 -2.421632624880747098e-02 5.993641352619473450e-02 3.834646913933115187e-01 9.212904136759813012e-01
1.622795358171376767e+00 2.267977093436975289e-01 4.667704478424953285e-01 -2.164938786659991246e-02 6.288914019807380351e-02 3.881049641916927695e-01 9.192120521511417675e-01
1.622347002149857609e+00 2.276228915600681801e-01 4.648343860727083832e-01 -2.339705745689991956e-02 6.834115113456459834e-02 3.878736313898009103e-01 9.188776364872801583e-01
1.619639327502060633e+00 2.295417896353232623e-01 4.653326937667088825e-01 -2.539629857789238443e-02 7.087632241244555542e-02 3.894419240977696761e-01 9.179687155316659242e-01
1.619229508851972810e+00 2.264092938065247751e-01 4.660164807267423437e-01 -2.807586535320456128e-02 7.863270144643505488e-02 3.899401068505811141e-01 9.170470855508249253e-01
1.621325499980637241e+00 2.288730330270554447e-01 4.625874061612406107e-01 -3.411966793779407786e-02 8.248073354415705327e-02 3.910492622171086730e-01 9.160312502165454118e-01
1.618984072019987286e+00 2.298105049673548617e-01 4.608580826050163171e-01 -3.772928479837307780e-02 8.933685330191938612e-02 3.873980281795143532e-01 9.167977942127363278e-01
1.621424517445744007e+00 2.272499405843114439e-01 4.615986496905192249e-01 -4.122788444948449066e-02 9.016771874825969812e-02 3.801732847170032348e-01 9.195859490156639282e-01
1.620084620166232892e+00 2.267419181572977449e-01 4.634869061025304604e-01 -4.204730065433609498e-02 9.619578822998418877e-02 3.696487696914586008e-01 9.232216320581353441e-01
1.621373386679996642e+00 2.228850543141020490e-01 4.658971672975497635e-01 -3.823148558500792660e-02 9.774804747521771697e-02 3.620059472486026331e-01 9.262480050620287564e-01
1.621840633383906605e+00 2.218470212593329216e-01 4.691822870433741133e-01 -3.425157347288241422e-02 1.009078724577134323e-01 3.567372743870953489e-01 9.281071856491338590e-01
1.622719836879596533e+00 2.218640530473608985e-01 4.705005602398596443e-01 -2.873176750819580669e-02 1.064581415454109586e-01 3.536028765175847077e-01 9.288735949272334258e-01
1.627316160783685905e+00 2.244932516641690579e-01 4.699638546137221984e-01 -2.998234317123418813e-02 1.153727851811019861e-01 3.617649405409729124e-01 9.246168435264976448e-01
1.634955877754201481e+00 2.228404707382529992e-01 4.679598102021462203e-01 -2.729770432742819469e-02 1.204260603730193252e-01 3.747696838699484112e-01 9.188580322190720295e-01
1.637357653736584817e+00 2.270591499681459680e-01 4.647478752345286512e-01 -3.409929064336479632e-02 1.277382036004189869e-01 3.899386613312763039e-01 9.113001866112666605e-01
1.645558559446136604e+00 2.293027922539612184e-01 4.592240742586055080e-01 -4.363755804338338706e-02 1.360065239599654308e-01 4.001488317700722663e-01 9.052507395199320683e-01
1.651731188920287918e+00 2.316369533428144500e-01 4.491841036906304985e-01 -5.336342594346077384e-02 1.516522211583502255e-01 4.055944245514419566e-01 8.998039293991220156e-01
1.659955777424225731e+00 2.357366123813043612e-01 4.391956094125454846e-01 -6.563641197166307506e-02 1.603508378117125543e-01 4.143122140475865578e-01 8.934902682892270631e-01
1.669940083144881404e+00 2.360843242012372056e-01 4.291753357489130338e-01 -7.888571647325791358e-02 1.689236286115993191e-01 4.206715490839665339e-01 8.878498179447282812e-01
1.681451866404388040e+00 2.346126097990195725e-01 4.197566342802200867e-01 -8.548328456032470990e-02 1.767495928960112483e-01 4.282980456499584920e-01 8.820504370863940791e-01
1.687523377220486287e+00 2.362112586370745670e-01 4.153596606254824630e-01 -9.650877504590021916e-02 1.805439337638685138e-01 4.315298841310219458e-01 8.785624072438305010e-01
1.692111262346492451e+00 2.417499438442954340e-01 4.137581785539162782e-01 -1.030235975372817137e-01 1.862065125415053590e-01 4.421958845621006273e-01 8.713071058553051307e-01
1.695273311549921447e+00 2.468278386146976477e-01 4.135164646329538840e-01 -1.052822292321159980e-01 1.882892197874313500e-01 4.481709830378131643e-01 8.675284386593195007e-01
1.697869275655786936e+00 2.553296263323401316e-01 4.132556240857949703e-01 -1.058492585508759160e-01 1.913004656905250844e-01 4.533055214926125509e-01 8.641262468384632855e-01
1.702050017075529498e+00 2.646289855926333701e-01 4.134299009465552954e-01 -1.110193894617480526e-01 1.918079813919529308e-01 4.620476678377170576e-01 8.587178501018897236e-01
1.705440905941931540e+00 2.752669515766012487e-01 4.145809595779144097e-01 -1.132202291981970060e-01 1.906477266657208014e-01 4.708047495771352509e-01 8.539189140621674667e-01
1.708451206248112308e+00 2.804589530562405786e-01 4.158858224199015186e-01 -1.217470735600981319e-01 1.900013795549625739e-01 4.731854480109358163e-01 8.515707003164523226e-01
1.712611281270113750e+00 2.865012404425255621e-01 4.159969547705390513e-01 -1.269399479939351816e-01 1.871964812365175534e-01 4.745610190911198623e-01 8.506677178400277040e-01
1.714692783357903094e+00 2.902266818511667901e-01 4.160337945517216807e-01 -1.286336531784295911e-01 1.866079104881603890e-01 4.762596850367483148e-01 8.495925984976043788e-01
1.719037575203226531e+00 2.926591585361372760e-01 4.187153961401161029e-01 -1.276502952339842178e-01 1.843750762041411195e-01 4.752472463289695304e-01 8.507945041301838707e-01
1.720468194625683012e+00 2.912226564236596871e-01 4.174300169365638413e-01 -1.257369956977461567e-01 1.841639308525380436e-01 4.812378017732252267e-01 8.477523415658140271e-01
1.726027628676829906e+00 2.899330945774448720e-01 4.159575357683658603e-01 -1.233256996306128228e-01 1.892037251626525751e-01 4.837005056680173665e-01 8.455924213305718862e-01
1.726953450786503863e+00 2.870409043903335289e-01 4.149095902658235246e-01 -1.243036779451166390e-01 1.916301357221606438e-01 4.849820357411439020e-01 8.441675851042841350e-01
1.722914687809351086e+00 2.853156661704180919e-01 4.135714887128610906e-01 -1.214872219403297787e-01 1.920388651107917399e-01 4.896743254757660591e-01 8.417725251883870774e-01
1.712298873959000600e+00 2.818966319217336980e-01 4.123294978258043586e-01 -1.196968522162766418e-01 1.904627205153565928e-01 4.973082902088668544e-01 8.379027868153544611e-01
1.703885808063232199e+00 2.783288601943955665e-01 4.149837287213779535e-01 -1.205557459086939315e-01 1.837589117539732420e-01 5.083252013650212398e-01 8.326490642140929044e-01
1.688069417851039367e+00 2.724473190182138960e-01 4.215201557142363997e-01 -1.128379990625587442e-01 1.723937132259641403e-01 5.271712032122117808e-01 8.244019141847688248e-01
1.675794744155075122e+00 2.654016874571465401e-01 4.339862963503786641e-01 -1.000711461366565747e-01 1.618670020167967405e-01 5.484338852865550118e-01 8.142512590340184042e-01
1.653933196374891335e+00 2.560435284742716977e-01 4.472894728937935049e-01 -8.947831040917815504e-02 1.506711747090906106e-01 5.845665114380588223e-01 7.921955710449531951e-01
1.648593700784185545e+00 2.850251805214127354e-01 4.625523309645002690e-01 -1.339225140360581212e-01 1.476025752697446292e-01 9.263977134419654202e-01 3.194769421061551817e-01
1.463211028817034798e+00 3.651892640099304033e-01 4.790676481563239664e-01 -1.285935015454328922e-01 7.157848612436175373e-02 9.480074355547924991e-01 -2.821739424845167155e-01
1.172646435058438463e+00 4.707057222573184929e-01 4.936583698187239633e-01 -7.589594689515455350e-02 -1.606716015793918650e-02 6.282659958742567996e-01 -7.741211081203479560e-01
1.046258684132720829e+00 5.178038046907308400e-01 4.917142236299666402e-01 -6.415713205155991472e-02 -4.486947241032157585e-03 5.690969542947211801e-01 -8.197514173966684581e-01
9.110272574984052962e-01 6.001518261746844329e-01 4.584540274316031838e-01 -7.151126869638367578e-02 6.566754254357527396e-03 5.489061020219919707e-01 -8.327935562617057030e-01
8.094070010554281769e-01 6.817273323119156236e-01 4.373360449402250993e-01 -6.933446741939719438e-02 2.487172080493269682e-02 5.437326591068661896e-01 -8.360196914860595907e-01
7.093025564726456178e-01 7.665571879158324942e-01 4.306291338571950345e-01 -6.663864697332076703e-02 3.465527383490255020e-02 5.460688116006828796e-01 -8.343663198631707800e-01
5.275413691943164896e-01 8.646151975352867058e-01 4.248432691576126685e-01 -7.755315320326144901e-02 4.274684800303298060e-02 5.660690903040223043e-01 -8.195877014794779036e-01
4.997811744072423457e-01 8.978680551987661129e-01 4.390573755655556298e-01 -8.691446123969194526e-02 4.413003656674801406e-02 5.897435564222039961e-01 -8.016863189293690350e-01
4.726746962123333784e-01 9.153200229788118758e-01 4.428536519664276194e-01 -8.993727351566344064e-02 4.148917449762150322e-02 6.086128978580312987e-01 -7.872612500262693436e-01
4.585414036991413145e-01 9.341746475839519670e-01 4.434541462187840399e-01 -8.868776977833470188e-02 4.337862703649493501e-02 6.284422160696262472e-01 -7.715653927371749488e-01
4.239691417253756422e-01 9.447929696845274172e-01 4.512731998580161719e-01 -7.986540186625168403e-02 4.138355396232116373e-02 6.478122924825974183e-01 -7.564708538698841078e-01
3.690914251578416572e-01 9.487855155240958460e-01 4.514743359163140290e-01 -6.631479202182094523e-02 3.930119488465545763e-02 6.606423174064643966e-01 -7.467325444170471727e-01
3.047127149483297992e-01 9.408407357165846641e-01 4.556538772984175534e-01 -6.025085070220036892e-02 2.913453609949591058e-02 6.581069213566050902e-01 -7.499441938294205690e-01
2.493185557446009615e-01 9.349713559333532320e-01 4.606080675727273199e-01 -5.533125662269877676e-02 2.061841474494296306e-02 6.582037988721114452e-01 -7.505205474630787243e-01
1.804967879379167361e-01 9.172005239027487544e-01 4.620841141276612607e-01 -4.923801855582377734e-02 1.236744869013627415e-02 6.528792218809089665e-01 -7.557588142904929640e-01
1.091687993473577506e-01 8.942030842308759109e-01 4.702765673926253553e-01 -4.399890207676496884e-02 1.037655270325672178e-03 6.434111734601359878e-01 -7.642545922362717903e-01
5.700347277045415134e-02 8.657633552258801046e-01 4.739686894725981814e-01 -4.191678414934519453e-02 -9.351030561172294156e-03 6.337211187791993439e-01 -7.723684904546930241e-01
1.168084920918637665e-02 8.282002932052408006e-01 4.787336518038617372e-01 -4.515726756766554745e-02 -1.402460149628276427e-02 6.248036488378703179e-01 -7.793487872176204645e-01
-2.913837467636068781e-02 7.719829553100784336e-01 4.870167439795117237e-01 -4.805343207588484711e-02 -1.573467463439191805e-02 6.193790175864344327e-01 -7.834621370899435000e-01
-6.044612846715517046e-02 7.299371845492873545e-01 4.943345910639631025e-01 -4.829031825769622421e-02 -9.708316041181693293e-03 6.199097267625972574e-01 -7.831256121640620682e-01
-8.554569503789673235e-02 7.050581768236223734e-01 4.903194352739518314e-01 -5.968456555173184269e-02 -1.079681039534806028e-02 6.165940438915458177e-01 -7.849413777841361961e-01
-1.037959458339799690e-01 6.825788964213027610e-01 4.856284713087486438e-01 -6.846506714034641949e-02 -1.026168104713303872e-02 6.157082593680950344e-01 -7.849271124311258951e-01
-1.195783060551894039e-01 6.649740280079332599e-01 4.755933072647910986e-01 -7.382158962363717658e-02 -5.855198990234287623e-03 6.168117864832630692e-01 -7.836193652568506085e-01
-1.323981968233461648e-01 6.479408393858504533e-01 4.672819578498745852e-01 -7.500184525684429337e-02 1.025625221178926797e-03 6.178113469298887050e-01 -7.827405770149203912e-01
-1.422786960701087622e-01 6.463156091720955176e-01 4.591119271880609864e-01 -7.913496834776218014e-02 3.777896288401466976e-03 6.144057614732957306e-01 -7.850025124498980489e-01
-1.497782649428415769e-01 6.467626655196753171e-01 4.574688131948249081e-01 -7.692263985138036997e-02 5.943219748805999431e-03 6.076396519031860288e-01 -7.904566016248375515e-01
-1.499564369883412129e-01 6.467478824473696930e-01 4.563244259803685976e-01 -7.169738035086141437e-02 5.703850232995905448e-03 6.043846972009163654e-01 -7.934394050793670550e-01
-1.464349722379459373e-01 6.450020161400468188e-01 4.587381778782096964e-01 -6.711949457315263823e-02 3.404028072368068050e-03 5.968522940673000043e-01 -7.995315660483507392e-01
-1.488187401386852071e-01 6.455857960928724770e-01 4.605843039719494936e-01 -6.148873966984023942e-02 3.376651860066265647e-03 5.885022196132254635e-01 -8.061469286838085502e-01
-1.464156205495072416e-01 6.451333117706705700e-01 4.642443122595134586e-01 -5.632999175925788166e-02 5.097215224909788268e-03 5.838683783905204150e-01 -8.098757109217297190e-01
-1.441411018130776267e-01 6.497698201249733074e-01 4.656449647825210980e-01 -5.070715663574337784e-02 8.605785535892709892e-03 5.850405095471469252e-01 -8.093715629487133745e-01
-1.419681988733832445e-01 6.545396086006424197e-01 4.645724883824810525e-01 -4.953190993323287189e-02 1.042872001349815468e-02 5.882656272568903555e-01 -8.070820178180799775e-01
-1.386405570594618775e-01 6.543894811176552695e-01 4.663223254087123237e-01 -5.095913174280194968e-02 1.609950920485457918e-02 5.940571509179720655e-01 -8.026456716002424718e-01
-1.353334379561372258e-01 6.543707674974846844e-01 4.698984838230837457e-01 -5.541838149172020889e-02 1.812192185402068667e-02 5.945542997708618271e-01 -8.019386407731797783e-01
-1.358079263819504667e-01 6.545927949345186070e-01 4.709654756243098483e-01 -5.506386496657555973e-02 2.326264146537417032e-02 5.922028486215439314e-01 -8.035686693565926575e-01
-1.389649272079546416e-01 6.557715365368703697e-01 4.692402291079667553e-01 -5.984542236091359296e-02 2.448260271526734796e-02 5.903617542836552268e-01 -8.045446703980179137e-01
-1.429861249723941574e-01 6.553613220333527334e-01 4.684649274859681856e-01 -6.479648114347644206e-02 2.325291920023683442e-02 5.920441976997652400e-01 -8.029597659597470516e-01
-1.482208395846943694e-01 6.584663791594089766e-01 4.677192238687897241e-01 -6.813160277337446113e-02 2.302046865535134490e-02 5.932202733407421213e-01 -8.018215824134158343e-01
-1.507495607560269402e-01 6.598706217136789398e-01 4.681617288692203060e-01 -7.037521405409737085e-02 2.200078365433317390e-02 5.929862896577967613e-01 -8.018295049717955036e-01
-1.528256899302423422e-01 6.607801026265903710e-01 4.667108024308280201e-01 -6.747225291147883330e-02 2.294597751454465970e-02 5.885556029542627909e-01 -8.053094308612654961e-01
-1.554565673563955142e-01 6.615020941943944299e-01 4.647923491533511031e-01 -7.001504390148982626e-02 2.018140427021926017e-02 5.878289032269318204e-01 -8.056970802231920858e-01
-1.578447194689240607e-01 6.636372636311872464e-01 4.604858798396649910e-01 -6.749059575798488364e-02 1.807728822762002391e-02 5.874398429281431078e-01 -8.062460307344938570e-01
-1.583706178362221384e-01 6.668655042295822399e-01 4.593824556200833409e-01 -6.833524936784360349e-02 1.537726849740668131e-02 5.911121609313917391e-01 -8.035423115844079200e-01
-1.584368745191270522e-01 6.679673265444537877e-01 4.589059006589895073e-01 -6.507221015535775976e-02 1.334376367074722493e-02 5.966859306912346561e-01 -7.997208585198534170e-01
-1.584551827984293504e-01 6.674931415702798354e-01 4.572927137822095922e-01 -6.305213642318632794e-02 1.069959600470321570e-02 6.008547176182301719e-01 -7.967958051180521473e-01
-1.581529120402257182e-01 6.668613889064799460e-01 4.562992466534634417e-01 -6.633501011754257271e-02 7.429429196167562643e-03 6.002240343551463742e-01 -7.970417671596367049e-01
-1.594829848363563951e-01 6.660675581928189315e-01 4.590296853983317771e-01 -6.837175702736969507e-02 7.801585055138012849e-03 6.016803514346117376e-01 -7.957670468228373872e-01
-1.608647020243068049e-01 6.649214711174491477e-01 4.609529574568255739e-01 -6.567154392219487491e-02 6.463133270004948333e-03 6.022399946775707225e-01 -7.955830975064571708e-01
-1.630906817042224177e-01 6.610438137230758571e-01 4.617297665318859656e-01 -6.372480594586911462e-02 5.664536496158095909e-03 6.013575194405627045e-01 -7.964145879789861215e-01
-1.620476480769070526e-01 6.609694311245460918e-01 4.613665463256720334e-01 -6.191646948573897163e-02 4.627581926396629949e-03 6.042740173453573505e-01 -7.943537299297075416e-01
-1.648505869232481102e-01 6.564723875453167823e-01 4.582852592783387968e-01 -6.139392236280803716e-02 2.196845200124059039e-03 6.010772969480653316e-01 -7.968262315346322788e-01
-1.674177316605580945e-01 6.558168820782753761e-01 4.529814248784024833e-01 -6.124350334555780234e-02 -3.471417346366069152e-03 5.947986977711864354e-01 -8.015308426313180190e-01
-1.698305237179440486e-01 6.528640581854372460e-01 4.473473316827549784e-01 -5.639108760755447841e-02 -5.673251032960013873e-03 5.882587061058850431e-01 -8.066842964579042929e-01
-1.728666405563918373e-01 6.536293960181888130e-01 4.418291233196048884e-01 -5.590349271747755561e-02 -6.466701618167962178e-03 5.855681594082469132e-01 -8.086673679328272302e-01
-1.720792725159940861e-01 6.514340445400261803e-01 4.392270172788820815e-01 -5.898194604546819902e-02 -5.535053347759971709e-03 5.864211611094318766e-01 -8.078370597021362620e-01
-1.680219435433213671e-01 6.489846230065899890e-01 4.393956567436599903e-01 -5.503663502266992885e-02 -3.412150817550512177e-03 5.852750122739323047e-01 -8.089576540461979048e-01
-1.609627836234981402e-01 6.462233261779378735e-01 4.418998505827443912e-01 -5.418550805929255726e-02 -3.123454365137776252e-03 5.901454926476036311e-01 -8.054703422578030070e-01
-1.539744275455613709e-01 6.449392573942842599e-01 4.460292312303206219e-01 -5.733185028249882659e-02 -2.371033104930869370e-03 5.954807829105857042e-01 -8.013177112290706949e-01
-1.482372496361939462e-01 6.466959433812244917e-01 4.489066178401574514e-01 -5.421073072819100613e-02 1.886168970332241122e-03 6.008411039686522015e-01 -7.975259286206700660e-01
-1.407360895701148251e-01 6.453736197321029433e-01 4.508064157535821570e-01 -5.256951181705910026e-02 7.180725162458998292e-03 6.066920757910018169e-01 -7.931643012553342142e-01
-1.306160388192086352e-01 6.412727324267882834e-01 4.517962236280523847e-01 -5.751927646924105686e-02 1.227880743020552494e-02 6.184807279494587418e-01 -7.835957841117157097e-01
-1.239826301124755115e-01 6.394125142987885368e-01 4.503819928190127553e-01 -6.417634252982962195e-02 1.736053988261151981e-02 6.279016722970645059e-01 -7.754479341909604750e-01
-1.210083778221026779e-01 6.404129940586130720e-01 4.506188582730074055e-01 -6.779411376469941797e-02 2.216181109505962685e-02 6.346958744371791195e-01 -7.694634229385243218e-01
-1.142023171607409043e-01 6.382625942429432930e-01 4.494541910537245832e-01 -7.029557950794096399e-02 3.103539107233681260e-02 6.429913219409749692e-01 -7.620088555333377478e-01
-1.137942616202044371e-01 6.363810678705145163e-01 4.481462569055011946e-01 -7.172837531379516740e-02 3.805450412832441648e-02 6.486371825065477825e-01 -7.567540553973649553e-01
-1.105635811589225498e-01 6.331955461011753439e-01 4.485562825649292429e-01 -7.856992690205728824e-02 4.450750166383748291e-02 6.512557691649362157e-01 -7.534665035763941088e-01
-1.100595324202937597e-01 6.346685171914856483e-01 4.418827976797359280e-01 -7.945280050334334321e-02 4.678006508051822665e-02 6.550665392692632816e-01 -7.499244676185922165e-01
-1.120062388002902171e-01 6.350967285135353801e-01 4.348727045736844876e-01 -7.914359946052666739e-02 4.891343193553528840e-02 6.535223311872145890e-01 -7.511673112432063482e-01
-1.146655889383514371e-01 6.355165641536366650e-01 4.308310988805508779e-01 -7.713104179414008443e-02 4.523037392820892372e-02 6.505077039991311594e-01 -7.542179676352477324e-01
-1.183072182910830800e-01 6.361189746874480466e-01 4.274861915159481329e-01 -7.115209418225793003e-02 3.574187226355192426e-02 6.453957425080695254e-01 -7.596869313164684723e-01
-1.287148569542765353e-01 6.389182191399910282e-01 4.260362959701485264e-01 -6.340711509795196599e-02 2.693080944358757292e-02 6.346232716387810724e-01 -7.697451346726122967e-01
-1.472859654958328102e-01 6.425453758838287621e-01 4.187182705615076217e-01 -5.688545186795743863e-02 7.683896920739399609e-03 6.191666461971251367e-01 -7.831587753009562336e-01
-1.871732917349671899e-01 6.498593290840907200e-01 4.079527343780292581e-01 -4.700397410951662885e-02 -9.764970012101104394e-03 5.971466686297087767e-01 -8.006941537959519906e-01
-2.454473695250117826e-01 6.384740928259492465e-01 4.005384310394857761e-01 -3.062975232839005094e-02 -3.206276305372057767e-02 5.629630629186966884e-01 -8.252916983024013442e-01
-3.022403541129021209e-01 6.279275327919050520e-01 3.935369355782994405e-01 -1.711101966331835325e-02 -5.512006198876690660e-02 5.280439814850821367e-01 -8.472535307626745116e-01
-3.654134567995268035e-01 5.970318219011374605e-01 3.976290143271337674e-01 1.392854377127871910e-03 -7.353812067746322290e-02 4.694049697796792708e-01 -8.799143021397307640e-01
-4.243854022405289528e-01 5.586304370811943087e-01 3.965480614621871847e-01 1.574512140435729846e-02 -8.546284809622617384e-02 4.076588223258191257e-01 -9.089898114539950447e-01
-4.857935059917178888e-01 5.087751001512166305e-01 3.968413179934895396e-01 2.596508497383335709e-02 -8.328476381135051232e-02 3.382806539336623564e-01 -9.369928823920717909e-01
-5.210972125417574485e-01 4.520149794008844202e-01 3.934360542112472214e-01 2.064381561722742481e-02 -8.631042488858270412e-02 2.541368359170516067e-01 -9.630881642209003779e-01
-5.374560735018439894e-01 4.032169734798314309e-01 3.885798918832209514e-01 1.823899800055510390e-02 -8.488957674048330793e-02 1.656084371586440118e-01 -9.823619212157140845e-01
-5.064542129853448760e-01 3.799544239853113181e-01 4.078263744128128310e-01 2.232893248878175391e-02 -7.958747343159799925e-02 3.556481141800756779e-02 -9.959429687665292130e-01
-4.383128672630218770e-01 3.596173544038961389e-01 4.102101197111299724e-01 2.558589215025037014e-02 -6.565070548260519556e-02 -1.119429757470562642e-01 -9.912134569170285570e-01
-4.081139853681485796e-01 3.097568425980904983e-01 4.107155953328178732e-01 2.844116918216619758e-02 -4.862226630539208394e-02 -2.634486983377437030e-01 -9.630273923721107687e-01
-3.699964742069721257e-01 3.027107250233085356e-01 4.127667561093134596e-01 4.998416371110961376e-02 -3.366769601045753457e-02 -3.183365209933561313e-01 -9.460602142703681272e-01
-3.387901920624178387e-01 3.047731248478931509e-01 4.124194872568128778e-01 5.289159387971900661e-02 -2.687580734386334214e-02 -3.292778758009620721e-01 -9.423673650888408915e-01
-3.066453471381183071e-01 2.881277011891059670e-01 4.182644641562474619e-01 4.872077381824442555e-02 -3.098659147578755949e-02 -3.221727408502282897e-01 -9.449184316121238547e-01
-2.784755093692461991e-01 2.656017747564149434e-01 4.214275749881627453e-01 4.249597886985704426e-02 -4.216681694235357991e-02 -3.009483516227881017e-01 -9.517594974489981263e-01
-2.607379855403252344e-01 2.381954380329255327e-01 4.133397703040163629e-01 1.938269939694655525e-02 -5.033237166047940803e-02 -2.539933885918554957e-01 -9.657009484714953462e-01
-2.239568490303938952e-01 2.064097652881234923e-01 4.127278576302599866e-01 -7.968456852260384290e-03 -5.436213450794580293e-02 -2.033323685024642224e-01 -9.775669848896861858e-01
-1.739742060238716748e-01 1.747746487893712675e-01 4.116533887760182586e-01 -2.669042116588941915e-02 -5.825618653962011395e-02 -1.466778926187273513e-01 -9.871065970627375119e-01
-1.134411545096226659e-01 1.437795022299877268e-01 4.074576269644414883e-01 -1.946563644056827774e-02 -5.622015266552837787e-02 -1.095063884797490422e-01 -9.922039781790590318e-01
-5.842135942570382545e-02 1.094664862413853579e-01 4.048764777211231736e-01 -5.500208679237453095e-03 -5.014892564583309231e-02 -7.425577168634568681e-02 -9.959623051764152635e-01
-5.674972317564420422e-03 7.580772025636658973e-02 4.011943640942121636e-01 2.977357760577485895e-03 -5.117101040880095431e-02 -4.824667335701126464e-02 -9.975193840444854798e-01
5.477274690664189760e-02 4.768942669421111918e-02 4.036270795984329696e-01 8.072395605729587803e-04 -5.593120718133604702e-02 -3.075435570578953504e-02 -9.979605292959496943e-01
1.134163424024199757e-01 1.099358634570497990e-02 4.044544562311164215e-01 -3.906458465286665772e-03 -6.126535617594706246e-02 -1.253223899633401812e-02 -9.980351891093981465e-01
1.737751915083378118e-01 -2.151291932829668338e-02 4.083765011466721218e-01 -8.018276413824883611e-03 -7.325764687845609524e-02 1.415072948783402396e-02 -9.971804156080007475e-01
2.392148806725661603e-01 -6.062195687668084365e-02 4.016016313350737610e-01 -5.119394841036413457e-03 -7.549658153368955793e-02 4.737007554178489233e-02 -9.960070953142623473e-01
3.017414206325783610e-01 -1.005736258180083692e-01 4.015427738605236718e-01 -2.043731981651161420e-03 -8.290871916634734440e-02 8.074137275901502320e-02 -9.932788119006529248e-01
3.648650381053207270e-01 -1.451111310161981027e-01 3.939291797285869867e-01 3.867724069953307805e-03 -8.010725796232198714e-02 1.188658158112395474e-01 -9.896659970736618739e-01
4.212593591467501120e-01 -1.824738119161855299e-01 3.851123914365570111e-01 1.733653115824597022e-03 -7.484712225828775434e-02 1.419376119600827268e-01 -9.870403320268102965e-01
4.717983745231915105e-01 -2.111983535704043957e-01 3.804472406810633367e-01 3.065856567244372617e-03 -7.001260281624845094e-02 1.600584734072411364e-01 -9.846167381580240852e-01
5.116473652966946339e-01 -2.414449061241875361e-01 3.842932215764631176e-01 -1.810128967760859338e-03 -6.846834467271212255e-02 1.754130286810386685e-01 -9.821095043730327934e-01
5.472216753689983504e-01 -2.647027885535834235e-01 3.836175358204298447e-01 -1.017843402580995323e-02 -7.329276137109717870e-02 1.911186468142108685e-01 -9.787738418303211230e-01
5.795727192008087725e-01 -2.884111043234113270e-01 3.824786113867476578e-01 -1.953915576098748386e-02 -7.910197367639194843e-02 2.123197061518312945e-01 -9.737974335210826116e-01
6.130081270198168841e-01 -3.104710164520353421e-01 3.813967614398295902e-01 -2.264556348494747504e-02 -8.183953066638403884e-02 2.360563265499287522e-01 -9.680221486983180412e-01
6.516252540973260787e-01 -3.396253796192457153e-01 3.800233602584274784e-01 -2.064191015989560660e-02 -7.586563599839571403e-02 2.625599062032427100e-01 -9.617071344614503969e-01
6.939070630839681009e-01 -3.693220367607806809e-01 3.826947744100077098e-01 -1.894866679598331688e-02 -6.117279195311885187e-02 2.899964221705286227e-01 -9.548826695880534565e-01
7.186857235854096082e-01 -3.916476438605757671e-01 3.873981047696948843e-01 -1.512216973725433872e-02 -5.285301286993859121e-02 3.204709723291817580e-01 -9.456617973183628623e-01
7.446069272596689270e-01 -4.155717753971175932e-01 3.926714397748433116e-01 -1.355852616044697471e-02 -4.914816563361691648e-02 3.491005222564102506e-01 -9.356973065813050106e-01
7.654106592141673993e-01 -4.450371119125524633e-01 3.924676920351553577e-01 -1.413946544863121761e-02 -5.415307836087573934e-02 3.758363546728252791e-01 -9.249943535649880477e-01
7.846395786395212735e-01 -4.846435024682538284e-01 3.944799792346388445e-01 -1.838116605468818540e-02 -5.990246526571816471e-02 4.074530845821048852e-01 -9.110739878045512885e-01
8.004364164177623087e-01 -5.270749624452223392e-01 3.880800757860003447e-01 -2.787767311695588113e-02 -6.415442655168732133e-02 4.423595806429015398e-01 -8.941057243463127469e-01
8.093310344977624471e-01 -5.726250664996698214e-01 3.867697842344569037e-01 -4.310238813842660888e-02 -7.554391609033732358e-02 4.844948998169840704e-01 -8.704596446302557133e-01
8.051613799213095390e-01 -6.387054087423998938e-01 3.830485733617931543e-01 -5.340316973459643263e-02 -8.116306636576819944e-02 5.506230003726534372e-01 -8.290807979811261053e-01
7.783848560593290555e-01 -7.528797138985411364e-01 3.832583741710838821e-01 -5.195786416981337807e-02 -7.128062702824006225e-02 6.569451348472860053e-01 -7.487606709502399038e-01
7.109589363048544053e-01 -9.045262880748509149e-01 3.894926695439452358e-01 -4.594934354286975275e-02 -4.380589539115557068e-02 8.022297414822595618e-01 -5.936304770126493713e-01
6.835982680462487915e-01 -1.066007345729601097e+00 4.075588209589353639e-01 -3.620424431194559783e-02 -3.345217442846788736e-02 9.157188105984839233e-01 -3.987847347077196347e-01
5.554880945927166414e-01 -1.176009815530775215e+00 4.556035464256355527e-01 -3.517049406800189237e-02 -1.457630089335423471e-02 9.748167938949540146e-01 -2.197334433800229581e-01
4.408187969097652203e-01 -1.256271885917472853e+00 4.630082317371020384e-01 -3.161918568411110908e-02 -8.854409506883214481e-05 9.980144724374795384e-01 -5.447322334832185864e-02
3.579298019064656167e-01 -1.310410749269723008e+00 4.596710067180773129e-01 -3.037884789443387468e-02 8.324498150529820867e-03 9.954717424393783043e-01 8.968744803960412848e-02
2.955263162863164261e-01 -1.341798256117796129e+00 4.522451789782662712e-01 -2.972229992011167499e-02 1.991561358545169622e-02 9.765106470929577620e-01 2.124780208329006270e-01
2.341225581762463037e-01 -1.347696966004091612e+00 4.551516233737779027e-01 -3.016915789931355618e-02 2.531335819743884413e-02 9.490923095666248255e-01 3.125265488401016700e-01
1.760105314085855521e-01 -1.340083614612666230e+00 4.557501962177490373e-01 -3.659065428055194996e-02 2.933712489729722178e-02 9.299299355254005972e-01 3.647338373880408269e-01
1.184843385237034641e-01 -1.315224152963443416e+00 4.516844125979495028e-01 -4.843550646427061818e-02 3.253533974142713142e-02 9.108073706741492970e-01 4.086873950920220100e-01
5.774026027501878711e-02 -1.274998276146013687e+00 4.466545111638863808e-01 -5.635474018756579662e-02 3.741669715639631827e-02 8.927465568017106667e-01 4.454522638296818937e-01
-5.895760862587218556e-03 -1.229713238906073647e+00 4.419995610702175393e-01 -6.390849518379787542e-02 4.978274986449451184e-02 8.706734800346713765e-01 4.851443838936883024e-01
-6.169074701398294391e-02 -1.187770415082858744e+00 4.262459257771450405e-01 -7.358457680830945979e-02 6.803419016062091373e-02 8.475797796830930597e-01 5.211191572927347249e-01
-1.336158438470918808e-01 -1.123853829041007613e+00 4.056211884447384897e-01 -7.465974304950177831e-02 8.613186768147257366e-02 8.224170876045243661e-01 5.573485069088958133e-01
-2.164612457296790360e-01 -1.051599335262460189e+00 4.058783008698960137e-01 -7.028704511204500460e-02 1.012458947120232489e-01 7.923591543027065365e-01 5.974746611247030437e-01
-3.244126319157805138e-01 -9.556783861564273064e-01 4.064676564775730472e-01 -3.687076932082370556e-02 1.045480016690903124e-01 7.497957158734421812e-01 6.523163696968846681e-01
-4.305770625922574202e-01 -8.695051456166204007e-01 3.907231971790666170e-01 9.622972339390611571e-03 1.021575193660229641e-01 7.003490097824878191e-01 7.063869365560385694e-01
-4.921546193937681446e-01 -8.270204101666543961e-01 3.936300164031866777e-01 6.071160998732184552e-03 1.037116794204820669e-01 6.367188156819905132e-01 7.640655589099891731e-01
-5.365907834294997292e-01 -7.894902818436980718e-01 4.164872220234945854e-01 -4.642287215784356678e-03 1.002508040690596319e-01 5.635821118856255696e-01 8.199411128949756211e-01
-5.773200813243102303e-01 -7.429796709577587421e-01 4.275766922120091129e-01 -1.107863502864730315e-02 9.586346922997042441e-02 4.784889244681518328e-01 8.727747752280697879e-01
-6.167446037162429562e-01 -7.044751825566367698e-01 4.237885907739564750e-01 -1.050173935721811051e-02 9.642333876939492010e-02 3.837577004134096748e-01 9.183258030701562102e-01
-6.520120997209647440e-01 -6.726990659015730234e-01 4.285215026851967313e-01 8.275783316504886850e-04 9.538074247893812974e-02 2.797284502275523832e-01 9.553291700830469635e-01
-6.809582338644226684e-01 -6.416979239224127607e-01 4.431902635049787542e-01 1.954760325078350788e-03 9.142717044824576200e-02 2.155807562561478652e-01 9.721945221754371147e-01
-7.261949844988980773e-01 -5.957293224346663640e-01 4.522124464523603060e-01 2.377472705991572413e-02 8.669473852826366234e-02 1.613325685078021710e-01 9.827973275316828072e-01
-7.599396875307355970e-01 -5.571977162717774990e-01 4.590103494322578248e-01 2.198982014378215652e-02 7.831644837124049352e-02 1.408886316734909716e-01 9.866779490744335135e-01
-7.845866735490693022e-01 -5.236304823197378555e-01 4.620801905254983133e-01 1.098234566467902636e-02 7.446235664043795999e-02 1.242148440568652812e-01 9.893964918288231658e-01
-8.069488457592070008e-01 -4.981708557386609892e-01 4.575681871064118389e-01 -4.192198164775224126e-03 7.773400825577340967e-02 1.085267160349839138e-01 9.910407667405516374e-01
-8.237206689180154306e-01 -4.895974204627491777e-01 4.590054718168924963e-01 -1.389807703147414274e-02 8.293256882412312903e-02 1.020223961070240437e-01 9.912217023328538934e-01
-8.286709382488245401e-01 -4.861014550344480711e-01 4.623254320117352045e-01 -1.789068920339896215e-02 8.529266803533828989e-02 1.022220109700951451e-01 9.909368014623690657e-01
-8.306709540469333630e-01 -4.858244849881527827e-01 4.619270716460334714e-01 -1.812031416774488243e-02 8.240322990051043850e-02 9.975473857758283824e-02 9.914284412138598679e-01
-8.319855340429499480e-01 -4.878328109635542420e-01 4.618595345332289215e-01 -2.142460994295913509e-02 8.110130275296917324e-02 1.040714590064225203e-01 9.910260825027955578e-01
-8.246527112721182551e-01 -4.857638422996701233e-01 4.655324342917399605e-01 -2.357439594810000275e-02 7.228698643000169843e-02 1.094613106281886461e-01 9.910787359862535117e-01
-8.160054176954594229e-01 -4.818915592305906270e-01 4.694368773852175547e-01 -2.750144250699677537e-02 6.698255819246584641e-02 1.157136678567291244e-01 9.906398713100386111e-01
-8.018153314259034437e-01 -4.784717546962019008e-01 4.711112985904505335e-01 -3.229634986808760377e-02 5.928264493427212040e-02 1.219872288201755278e-01 9.902331189167373759e-01
-7.836729299109874702e-01 -4.737093276546381904e-01 4.740403611302672626e-01 -3.507266503747766967e-02 5.566578006290836406e-02 1.291197240117954448e-01 9.894439478658073606e-01
-7.510462177931586103e-01 -4.657434376315002234e-01 4.807316847617887912e-01 -3.512382784000007280e-02 5.496001494427518730e-02 1.363198143023597597e-01 9.885153624014961782e-01
-7.224651291728205749e-01 -4.551052816656807054e-01 4.847185841260860939e-01 -4.061806088002625770e-02 5.267141884551632125e-02 1.395735288362210669e-01 9.879752652851948591e-01
-6.956634139039158393e-01 -4.503770024209897138e-01 4.873183373363738080e-01 -4.146534747221516243e-02 5.581616772182887432e-02 1.459944148812670206e-01 9.868387969690559647e-01
-6.802953384831995631e-01 -4.487234296493439745e-01 4.842851880762086836e-01 -4.319524440639913726e-02 5.081816129730363368e-02 1.487619525081377014e-01 9.866212884531730953e-01
-6.587812267734947103e-01 -4.392150163399693441e-01 4.916196888843598622e-01 -4.367586807483324340e-02 4.848746007876058445e-02 1.490875393026752094e-01 9.866682777852410213e-01
-6.463556738530823464e-01 -4.347115911639231056e-01 4.967806455093189966e-01 -4.479780955694181305e-02 3.866955861725444171e-02 1.531435296783454358e-01 9.864303730182402141e-01
-6.317021312924230303e-01 -4.280071614485511655e-01 5.039124981975701134e-01 -4.294351646292592778e-02 3.240385560503758478e-02 1.542735596579681567e-01 9.865624730984783319e-01
-6.188838272340099200e-01 -4.221462425213050040e-01 5.044746848022656494e-01 -4.230057083600239493e-02 2.915323624259769097e-02 1.570646117792718066e-01 9.862512145747444059e-01
-5.915253240536532120e-01 -4.145851481644289849e-01 5.107190639083275530e-01 -3.609368558127874771e-02 2.882428787000258438e-02 1.559328203406257218e-01 9.866870637798820232e-01
-5.790359378871816620e-01 -4.119409527399160997e-01 5.133846762938336639e-01 -3.502006320341000817e-02 2.660871276109832984e-02 1.548593795589121580e-01 9.869570123065417588e-01
-5.651581628407142954e-01 -4.059109691355349270e-01 5.162517307746826711e-01 -2.917785292515842968e-02 2.368475373625427219e-02 1.538145639042442780e-01 9.873848111400528316e-01
-5.497203378136433782e-01 -4.027087496464224481e-01 5.181771820093564740e-01 -2.696095519288681241e-02 2.128551952553783821e-02 1.565357895143448808e-01 9.870747591518769237e-01
-5.423049577473662008e-01 -4.024827304121963989e-01 5.200997544113132864e-01 -2.264390580626683691e-02 2.013853010821567077e-02 1.577986312453312778e-01 9.870062234413810032e-01
-5.373870834021041709e-01 -4.002874938470842303e-01 5.190715331114332809e-01 -2.441073559570200099e-02 1.874555216139921557e-02 1.564197538355081851e-01 9.872110113202141601e-01
-5.388392858367301308e-01 -3.999610384607361624e-01 5.156141015668704863e-01 -2.429173829518360347e-02 2.083830667263751948e-02 1.566979495233545572e-01 9.871278686374890254e-01
-5.390581830981323597e-01 -3.944046030674950298e-01 5.116639053354991029e-01 -2.520980758410535857e-02 2.162265090974679199e-02 1.524815828408104534e-01 9.877480921082908427e-01
-5.449472425903315598e-01 -3.919287435801085406e-01 5.058673539033582411e-01 -2.723057722294147664e-02 2.189078939648740271e-02 1.490588898177197807e-01 9.882108764681821755e-01
-5.568929349148258323e-01 -3.937484246707015356e-01 4.975242590330890557e-01 -3.223612087907909429e-02 2.788479523634950288e-02 1.453796257992291119e-01 9.884574017669007784e-01
-5.707879243603145580e-01 -3.949191134068322784e-01 4.927810696932796164e-01 -3.785355999540389316e-02 3.378683290839572251e-02 1.298818510613001798e-01 9.902304088860252040e-01
-5.848936215338332856e-01 -3.999658057894350249e-01 4.871464339350808914e-01 -4.103407000643588542e-02 3.848658066377815684e-02 1.028129051245960796e-01 9.931085009944070618e-01
-6.028125443152073659e-01 -4.004811974000404007e-01 4.862789046674731441e-01 -3.475904014967330646e-02 4.460415641109436585e-02 6.674090291835277355e-02 9.961666177082882934e-01
-6.267521177107028274e-01 -3.993990713370218493e-01 4.755590062936491114e-01 -2.419429234143486568e-02 4.942553126456869506e-02 3.015420954545528637e-02 9.980292965259092153e-01
-6.452642410771352033e-01 -3.986849552372995209e-01 4.640340334723682125e-01 -1.181320531330098088e-02 5.523996255962407981e-02 -6.734731490160397391e-03 9.983805076765033260e-01
-6.699953177306867680e-01 -3.870669520716971679e-01 4.496663746854185351e-01 -2.061604217223219314e-03 4.883339951074354424e-02 -6.043531653191235725e-02 9.969747345825585860e-01
-6.924368069600356224e-01 -3.832835063378959295e-01 4.435183731685839459e-01 -2.239777069359159996e-03 3.863039133806450004e-02 -1.070744944066150117e-01 9.934977246633810433e-01
-7.035338361515007799e-01 -3.701139794818757434e-01 4.433137345053272393e-01 1.038898195493849963e-03 3.571165713469699743e-02 -1.603912233732108505e-01 9.864067384705348385e-01
-7.097710831774075579e-01 -3.565122451487858224e-01 4.455153810384667179e-01 8.308730510618443643e-03 3.787404189157225765e-02 -2.089788087278661999e-01 9.771511548633503574e-01
-7.063093667290044619e-01 -3.401991908655200292e-01 4.410568767014879654e-01 1.537946597745812501e-02 3.913912219544839199e-02 -2.543019446205218581e-01 9.662101852610740504e-01
-6.978794645159069887e-01 -3.284668442932000554e-01 4.458830902980014388e-01 1.704749372317600209e-02 4.238714594129570912e-02 -2.946765471728920449e-01 9.545042930039507878e-01
-6.882612469897133600e-01 -3.101152755378890902e-01 4.508737420055294320e-01 1.451431306307259493e-02 4.225313590535333813e-02 -3.301411155690208710e-01 9.428737195580928487e-01
-6.752374252833016621e-01 -2.912504358488631762e-01 4.573613120740901428e-01 1.278713183664163811e-02 3.797055352985333199e-02 -3.607630673992217596e-01 9.317965097191195367e-01
-6.614070217816968578e-01 -2.710502268748654076e-01 4.570213132374025822e-01 1.877610124950200576e-02 3.697558955313027390e-02 -3.884887517620447817e-01 9.205198278980388782e-01
-6.501099581661787807e-01 -2.577710172364784391e-01 4.531601378378817824e-01 2.438260274861264038e-02 3.828621418392930825e-02 -4.067013214810132338e-01 9.124328411407949257e-01
-6.409284525859427761e-01 -2.597022070083764844e-01 4.542280610233701554e-01 2.999805165271537608e-02 4.157634400843737005e-02 -4.156789805980147245e-01 9.080652562481005274e-01
-6.340334796753317459e-01 -2.571953953346431399e-01 4.544912559861832291e-01 2.821239203689327249e-02 3.953061243219081755e-02 -4.205395638808879788e-01 9.059734360494048344e-01
-6.280243608265623223e-01 -2.574551808920098050e-01 4.533269911618711956e-01 2.806076352064582752e-02 3.838223803503369724e-02 -4.250604120126462715e-01 9.039153962034831569e-01
-6.269536623533022990e-01 -2.573253992791697531e-01 4.515902961926936965e-01 2.768397420727056191e-02 3.509632417798209947e-02 -4.235353870696417222e-01 9.047760062584849772e-01
-6.235052448541340553e-01 -2.553123443444691443e-01 4.513936747134660310e-01 3.069479784648645668e-02 3.380545627427046507e-02 -4.213024944082802148e-01 9.057699645697093738e-01
-6.235934978050933220e-01 -2.545463648869769058e-01 4.506201283246255573e-01 3.489778820338934606e-02 2.965893823077641114e-02 -4.098395292693674530e-01 9.110071635337440021e-01
-6.239313567069306732e-01 -2.462777344312352679e-01 4.534546126687581946e-01 3.664015808387812573e-02 3.007085246999583253e-02 -4.009062122019409480e-01 9.148920437216668811e-01
-6.208299143975780643e-01 -2.398102530656068265e-01 4.563490869940210470e-01 3.203284837714941852e-02 2.786494366562558903e-02 -3.961087741405562301e-01 9.172215002867213363e-01
-6.170778357007183912e-01 -2.352144998724670644e-01 4.570022437666229065e-01 3.306138200545918893e-02 3.007969918329156042e-02 -3.900724395229616115e-01 9.196986727409892648e-01
-6.162636948509867540e-01 -2.309235985325309159e-01 4.574900491872048724e-01 3.148663098911427122e-02 3.204909710042132959e-02 -3.832190550242446925e-01 9.225641459054909621e-01
-6.136938799930088395e-01 -2.315876666985081378e-01 4.567318691534871800e-01 2.767467805269151898e-02 3.197642524907891998e-02 -3.767900433124087844e-01 9.253328502131559219e-01
-6.116206739483359689e-01 -2.323900196178571576e-01 4.564827940180523069e-01 2.558421585822451619e-02 3.252608471921345640e-02 -3.777406116191265872e-01 9.249862334355934967e-01
-6.075896269049092524e-01 -2.329909482237836893e-01 4.569451697325693229e-01 2.725720978126867228e-02 3.528778972392930535e-02 -3.834945109845659950e-01 9.224661383790996316e-01
-6.053034876569125533e-01 -2.362909853468902477e-01 4.567303500326872490e-01 3.093009230014008570e-02 3.524943523970571618e-02 -3.845891013700046268e-01 9.218958888144577202e-01
-6.020016977352117271e-01 -2.392482889911655142e-01 4.571381409098402848e-01 2.865912388541374395e-02 3.564403456770439543e-02 -3.822352162270546971e-01 9.229324985575670937e-01
-6.008202954155973385e-01 -2.399330963471962563e-01 4.586516659214753822e-01 2.648532447272537033e-02 3.495531579977048664e-02 -3.793136832487959409e-01 9.242282094727171105e-01
-5.992057110728414848e-01 -2.400708910415048636e-01 4.594644916262739520e-01 2.316346753958358623e-02 3.686659475057982999e-02 -3.782101177393216718e-01 9.246953091708899342e-01
-6.013176842240467446e-01 -2.372344422103710437e-01 4.585241042145613566e-01 2.027312744130061253e-02 4.314820922565651418e-02 -3.729725581188796379e-01 9.266168049601877232e-01
-5.999280213946623919e-01 -2.371694977466938803e-01 4.574080064875636342e-01 1.311541568291305429e-02 5.298993858968977649e-02 -3.649038932416800995e-01 9.294434899318999577e-01
-6.023044671149172524e-01 -2.391668037265619329e-01 4.574552563157908702e-01 2.748661104848539039e-03 5.981503368452320557e-02 -3.604392404314239462e-01 9.308588295572365334e-01
-5.992049931785135009e-01 -2.486981894869861875e-01 4.574744998976414401e-01 -7.919296867617525715e-03 6.129022424760742493e-02 -3.471458210815650536e-01 9.357727138864471161e-01
-5.920364461337888073e-01 -2.558994529617061864e-01 4.478138311611904454e-01 -9.033713583481586470e-03 7.041618212842051805e-02 -3.368619904852669933e-01 9.388737682349276303e-01
-5.866100876837909706e-01 -2.649513401405409474e-01 4.367621627565992926e-01 9.999048189658235695e-04 8.010350473269882421e-02 -3.276896310810338830e-01 9.413829902870920474e-01
-5.846724091486930064e-01 -2.744069730342861280e-01 4.385808590984767164e-01 6.503640665723207231e-03 8.524815011975934997e-02 -3.193624265832022413e-01 9.437680308455774769e-01
-5.849212882080383480e-01 -2.850002708060720980e-01 4.403039405000497286e-01 1.277173571129278616e-02 8.687946542080188239e-02 -3.176320599548722035e-01 9.441391400338940976e-01
-5.813400054993596022e-01 -2.828777148933916408e-01 4.421895264413833182e-01 1.345318348499382685e-02 8.532610034104096131e-02 -3.234086120973287959e-01 9.423085153366647093e-01
-5.829288889649530958e-01 -2.799450521108849954e-01 4.418303583941722290e-01 1.320086656755422097e-02 8.342124919476587297e-02 -3.201856496821642306e-01 9.435824193160133877e-01
-5.887270788796696852e-01 -2.726090594055782801e-01 4.419551526531581009e-01 9.504915981495975705e-03 7.697803177053377799e-02 -3.149567080314659151e-01 9.459314516723191790e-01
-5.880244535425447339e-01 -2.721491926979345277e-01 4.476862110427286545e-01 8.008220953324998725e-03 7.684567428944281964e-02 -3.014149095935951816e-01 9.503576500533094107e-01
-5.909849685310055722e-01 -2.681521301879172259e-01 4.477364086052987302e-01 3.058672116862778262e-03 7.313521497247088554e-02 -2.764984655125447555e-01 9.582225646607472891e-01
-5.951195858071351985e-01 -2.607285703324389581e-01 4.434032725711570255e-01 4.044073938393406842e-03 7.815643045561387892e-02 -2.554518304757373848e-01 9.636490959633660092e-01
-5.976594813186301147e-01 -2.562774344832907669e-01 4.374921948591841137e-01 4.548068456915214594e-03 7.681405548100177227e-02 -2.320207042925066798e-01 9.696624715505298697e-01
-6.018182611849974828e-01 -2.536497153853911612e-01 4.376982044348768919e-01 3.063430087709243747e-03 6.969458191818450610e-02 -2.158750363028811015e-01 9.739256898493728887e-01
-6.111962430333827134e-01 -2.549548459868617445e-01 4.435230060695301013e-01 4.667572894639762486e-03 5.892465300238925591e-02 -2.027732934453490010e-01 9.774400700284123777e-01
-6.111286427854049075e-01 -2.616409571804335643e-01 4.490521849446492131e-01 9.529160550735774754e-03 4.503677698066786694e-02 -1.992480895698024446e-01 9.788672446359494295e-01
-6.120826857330640136e-01 -2.694700626781262320e-01 4.486881732637377773e-01 1.544082315549293385e-02 3.506037246391503770e-02 -1.991447537287409364e-01 9.792209752273954848e-01
-6.086553361238805637e-01 -2.778245651499188229e-01 4.507111184067133514e-01 2.332524639897859062e-02 3.185556805391220186e-02 -1.994267475231949749e-01 9.791170144761602856e-01
-6.077720142881833931e-01 -2.874698840307735592e-01 4.454733772473299380e-01 3.222559874773262695e-02 3.032279404754776447e-02 -1.975864575172299464e-01 9.792862864108187182e-01
-6.103912217073952373e-01 -2.901045753474265632e-01 4.437366832355299495e-01 3.467342166951598720e-02 2.878842144025409513e-02 -1.996917691975926001e-01 9.788218315584515938e-01
-6.108953328536069760e-01 -2.929010241654068647e-01 4.418749792740215288e-01 3.447444862634871376e-02 2.709237472136310013e-02 -2.051658260095714226e-01 9.777445982779331413e-01
-6.035129940091724654e-01 -2.951971317866984856e-01 4.396661410211121224e-01 3.806703031135183490e-02 2.484450706595026093e-02 -2.132759477042063812e-01 9.759339228671155553e-01
-6.019657089821589535e-01 -2.989060725489622317e-01 4.382574259980746567e-01 4.044026054707173384e-02 2.448615397167022700e-02 -2.275222236128836562e-01 9.726246199602441855e-01
-6.006185411971519672e-01 -2.993986784476493912e-01 4.387044492531131379e-01 3.954708225071067867e-02 2.124748732522054387e-02 -2.447046418820427172e-01 9.685577994158125481e-01
-6.024104666542422493e-01 -2.998648834167501054e-01 4.377583879912202436e-01 4.360714634379737886e-02 1.566636276184795590e-02 -2.546798120145661870e-01 9.659146831981539894e-01
-6.006467178565534359e-01 -3.028979687214386485e-01 4.366263928766903613e-01 4.702838815967460423e-02 1.461309331587680969e-02 -2.652688853255456558e-01 9.629159915013286719e-01
-6.006828528143188795e-01 -3.041887757654350710e-01 4.334067641169829788e-01 5.198029102767404153e-02 1.175070075206970273e-02 -2.688675625409651104e-01 9.617017230876701017e-01
-5.985193280165328478e-01 -3.060464311604782495e-01 4.324447802092356574e-01 5.280828867901953688e-02 1.037745314646046357e-02 -2.724314426389845001e-01 9.606688826930056546e-01
-5.956613884343664456e-01 -3.083183786847435992e-01 4.317121665947890041e-01 5.418967271993848506e-02 9.193032518034492326e-03 -2.744601727769637178e-01 9.600263439525331677e-01
-5.980815186130996608e-01 -3.101247788841994257e-01 4.318025920837995080e-01 5.611666047093362419e-02 8.746885079338725943e-03 -2.788635292762219331e-01 9.586498549828339488e-01
-5.997676782097880466e-01 -3.115934376901728919e-01 4.325364848579854593e-01 5.701677674505990778e-02 9.006722673872338131e-03 -2.778859158540848417e-01 9.588781903277477925e-01
-5.989113857497554427e-01 -3.157795056077105089e-01 4.331747782661787838e-01 5.687187498509510553e-02 9.455052401071804488e-03 -2.668911358260828703e-01 9.620006826594438287e-01
-6.041051082913468928e-01 -3.143639766030636440e-01 4.336584508312476549e-01 5.282203860691067621e-02 1.386309323549215350e-02 -2.567314530393601246e-01 9.649386549950483838e-01
-6.057313949229302663e-01 -3.148503538127849777e-01 4.308987157380937960e-01 4.707683750547478341e-02 2.325572839415649545e-02 -2.367341031340367274e-01 9.701545788587835339e-01
-6.090105198711264212e-01 -3.128016715170735540e-01 4.305105744218628017e-01 3.952967402320669427e-02 2.976241548578760152e-02 -2.189125257080753728e-01 9.744890505204159004e-01
-6.063974920018930792e-01 -3.147738714451757680e-01 4.301931130827941208e-01 3.692573508186087344e-02 3.013044233571290573e-02 -2.040610001007691077e-01 9.777973996545462620e-01
-6.072605797038130859e-01 -3.142240811478329010e-01 4.300611523460615704e-01 3.948119873369699412e-02 3.230239295750631651e-02 -1.952812869872015966e-01 9.794197309164193177e-01
-6.024026881968157499e-01 -3.179722557461132637e-01 4.310069004360069789e-01 4.084689509537053898e-02 3.180079943717276786e-02 -1.877039154129502285e-01 9.808605815582929210e-01
-5.975886937442304037e-01 -3.186981617646694742e-01 4.305828533578753281e-01 4.271579864690816519e-02 3.190025571713701880e-02 -1.850695738001378321e-01 9.812782414201250969e-01
-5.953332409007160431e-01 -3.214793296714100190e-01 4.306060980365568613e-01 4.433055967696922922e-02 2.895373438568087099e-02 -1.807855985577743185e-01 9.820962529701238175e-01
-5.957155921878711791e-01 -3.224659885720660424e-01 4.301349039425029219e-01 4.075556941138393230e-02 3.059719084353653903e-02 -1.740806300964495013e-01 9.834117803339866848e-01
-5.957601684223472471e-01 -3.204985766000665315e-01 4.295777526836030424e-01 3.798808851490491356e-02 2.890935180669464838e-02 -1.730795357223279540e-01 9.837502878389636773e-01
-5.962083567311993182e-01 -3.167121399142347471e-01 4.301158940997124591e-01 3.522459173800916027e-02 2.692365151172435023e-02 -1.690887401738676021e-01 9.846031398855988881e-01
-5.937831166479710099e-01 -3.137252034087875674e-01 4.302755944938946864e-01 3.455755130466998948e-02 2.647110291687266095e-02 -1.719977803201493960e-01 9.841350618299964381e-01
-5.935264252035564736e-01 -3.136866315474571287e-01 4.326718002129305574e-01 3.362057652595022705e-02 2.527660481243505439e-02 -1.736139456764490829e-01 9.839151121666308564e-01
-5.924497870562691615e-01 -3.168361624576483959e-01 4.309821892217891026e-01 3.755832351008394493e-02 2.386884043493753618e-02 -1.750990654425963466e-01 9.835445938403264421e-01
-5.934904326666582408e-01 -3.186800989175426757e-01 4.318422178644262255e-01 4.296819096684934697e-02 2.157676653946946285e-02 -1.789185426598697837e-01 9.826883192565210035e-01
-5.928316325117003460e-01 -3.204171998748351902e-01 4.299856777170082411e-01 4.785927131859283451e-02 2.053130944126531354e-02 -1.861908917362858074e-01 9.811324616563897871e-01
-5.931432829426894759e-01 -3.224500437818849097e-01 4.295006546223609223e-01 4.789250707515037286e-02 1.996474511504399765e-02 -1.866956105527371457e-01 9.810466175054520788e-01
-5.932094154497574712e-01 -3.217869445919315785e-01 4.308407223627245819e-01 4.787989915457514095e-02 1.956415365502921569e-02 -1.901166768793748629e-01 9.803980866571769814e-01
-5.917896609330105528e-01 -3.208675261125354949e-01 4.295239724243896662e-01 4.811091524252927853e-02 2.064299772848505327e-02 -1.910614178869969038e-01 9.801809736341132728e-01
-5.909067186984671149e-01 -3.205632305682148964e-01 4.290030391618799288e-01 4.588531697319849639e-02 1.922179497375092402e-02 -1.861574185926753444e-01 9.812596372964536018e-01
-5.856616279177935258e-01 -3.195026005293814531e-01 4.285906594005891579e-01 4.270271465710830799e-02 2.202006470052546294e-02 -1.746243442604026308e-01 9.834622175269991384e-01
-5.756497886896702054e-01 -3.159324347960701940e-01 4.308449597894634109e-01 4.386138228312004561e-02 2.910422517723918606e-02 -1.619476765284121045e-01 9.853943744958640893e-01
-5.640014080126559692e-01 -3.184697533033251649e-01 4.324321857523506507e-01 3.552406416880007911e-02 3.225734594581822212e-02 -1.257303445606786918e-01 9.909033176622812356e-01
-5.318854812773134988e-01 -3.488655709396815130e-01 4.253814112247000789e-01 1.787248679961546405e-02 3.917827057260445806e-02 -5.422650361105935818e-02 9.975996810528044989e-01
-4.869352906772251854e-01 -4.027724193379113027e-01 4.183414284092242807e-01 6.482185560549969623e-04 4.166735261489640241e-02 1.816153230304600949e-02 9.989662508229069093e-01
-4.522406128438034023e-01 -4.247774559296941255e-01 4.260800043256878777e-01 -1.192773627808016955e-02 4.518207979356141102e-02 7.986757027102896200e-02 9.957095359550449665e-01
-4.159759564072078586e-01 -4.436369549338218810e-01 4.314549214073052363e-01 -1.828597801735487929e-02 4.572564442028021620e-02 1.339857218132496919e-01 9.897588669976548070e-01
-3.852631870772424416e-01 -4.578373841508754372e-01 4.349280970306983463e-01 -2.283554344277853240e-02 4.586469707747048430e-02 1.704337601398754620e-01 9.840362294764600781e-01
-3.626998364286894150e-01 -4.676402585714125038e-01 4.424365123466804661e-01 -1.817824727684708846e-02 4.267712552506838786e-02 1.895162412652287853e-01 9.807812236067525724e-01
