1.783577523996170644e+00 2.608655596462150505e-01 3.911547290836482615e-02 1.639614655201837357e+00 4.043259378619192823e-01 6.236247361405015954e-02 1.483481582491029016e+00 -3.831834681199421111e-02 9.291980707668007211e-02 1.379297253286707603e+00 1.421989938177530555e-01 1.072609210840368282e-01
1.780242651559022615e+00 2.575037244999807129e-01 3.724489713784372852e-02 1.636709585273613987e+00 3.998879828437428841e-01 5.991876367378173862e-02 1.480480173582091608e+00 -3.721110806726340980e-02 8.779606484790132559e-02 1.375846184224103652e+00 1.299175612895219212e-01 1.133314170589448389e-01
1.786870421003951881e+00 2.603563401979839265e-01 4.121996844269692345e-02 1.634832510201994493e+00 4.036179484227578884e-01 5.930048116253926194e-02 1.483297828903233029e+00 -3.910343454182517442e-02 9.133104184431839467e-02 1.371907931547143633e+00 1.254532027409279160e-01 1.134154871276761983e-01
1.784100097191641421e+00 2.599450159707445418e-01 4.218514504631019207e-02 1.635986367322548318e+00 4.039345666579120531e-01 5.880957043446136817e-02 1.484968077619705396e+00 -3.605876379840378121e-02 9.269587273318399823e-02 1.371574343853854350e+00 1.315698492888220661e-01 1.101679002769521964e-01
1.780963821768992261e+00 2.572796620268500978e-01 4.415585123011771251e-02 1.634992641981406480e+00 4.013496525271543769e-01 5.893025308777884164e-02 1.481444135774609316e+00 -3.748385286666255922e-02 9.325456028376763462e-02 1.370406572233529463e+00 1.350486860161806135e-01 1.113776600022326341e-01
1.786890700405241450e+00 2.605732767187028953e-01 4.325402774998401284e-02 1.637372690125793451e+00 3.987240241446475264e-01 5.974795273666787254e-02 1.483015387713297883e+00 -3.940377811130804653e-02 8.857973079225692215e-02 1.363283946805668334e+00 1.363932113974717364e-01 1.228204417040532903e-01
1.793230654513025435e+00 2.602004927044580529e-01 5.404771155550713163e-02 1.641405262503847107e+00 4.000034021761571523e-01 6.334409536613344605e-02 1.482476159348220746e+00 -4.306344117495069374e-02 9.235027728518374612e-02 1.380213158361952352e+00 1.347298447949930311e-01 1.176821708800839111e-01
1.788765004852871376e+00 2.618416050370142578e-01 5.660641227138003134e-02 1.640725799742114299e+00 4.028595796981586652e-01 6.494747458798692807e-02 1.479628985875467873e+00 -4.372402088325329228e-02 8.872331039962837174e-02 1.379447746038741096e+00 1.431298997145994123e-01 1.118580294207785208e-01
1.790096369356267259e+00 2.611159958176847984e-01 5.820604767977483052e-02 1.638508749151682098e+00 4.025511546298244370e-01 6.616947898568882602e-02 1.480259123959437151e+00 -4.144553738709816360e-02 9.075781672337683570e-02 1.382415040146623975e+00 1.411370481392331955e-01 1.120176965223317056e-01
1.790503654101093467e+00 2.627688282068160741e-01 5.441639882584103916e-02 1.640799166918588847e+00 4.009575517146803936e-01 6.369948958863105859e-02 1.484851200682143046e+00 -3.933512414414117031e-02 9.112657797602512211e-02 1.379033986412397494e+00 1.409863605814681564e-01 1.164020832681546963e-01
1.767023330771823497e+00 2.530969756868458598e-01 6.356107776971406387e-02 1.649565253744146309e+00 4.083095214091589931e-01 6.530973285601252010e-02 1.487577732406896613e+00 -3.983297438043849337e-02 9.553095555476801004e-02 1.393721156536752881e+00 1.451186216870597179e-01 1.173683401984635249e-01
1.762868021752680869e+00 2.532700815892810486e-01 5.546912988216425727e-02 1.657713727144119353e+00 4.092630800138324920e-01 6.336837513548514156e-02 1.484901940303498868e+00 -4.117888727139323163e-02 9.181508252577573470e-02 1.389692019576212578e+00 1.394821721997954733e-01 1.089862047870406303e-01
1.749879545516999535e+00 2.497925369283709451e-01 5.396033796923583453e-02 1.658747952308263107e+00 4.057025409079856315e-01 6.632257926696832895e-02 1.483656196468285948e+00 -4.160936446097146524e-02 9.197696188087720048e-02 1.392161556511818832e+00 1.348722134998059374e-01 1.115682329250639038e-01
1.744926845438689922e+00 2.465739163372486220e-01 5.513501266874214213e-02 1.656885911314876836e+00 4.060801558358272390e-01 6.552255962934971922e-02 1.482065455019276223e+00 -4.084008486705606455e-02 9.293003310450498322e-02 1.384929124091767161e+00 1.291884510134635455e-01 1.124311600981480613e-01
1.744768551159019188e+00 2.476052172728021861e-01 5.656111819337062557e-02 1.658930499050954799e+00 4.093841872990448549e-01 6.587530431385116292e-02 1.473788960497484979e+00 -4.712131135307675439e-02 9.033747881748041553e-02 1.382940266835553933e+00 1.233162727892562066e-01 1.090577262865566610e-01
1.740551249684935797e+00 2.463277589566800485e-01 5.133961829186892145e-02 1.645356757853325691e+00 4.077693292130141201e-01 6.339014511587522105e-02 1.476638414907231356e+00 -4.304851241930001543e-02 9.342427496781359475e-02 1.382295101237986268e+00 1.285967956732837203e-01 1.117901718374952336e-01
1.732766190367199588e+00 2.426168013691093195e-01 5.020715674048914501e-02 1.635736005860332298e+00 4.009409803300395536e-01 6.110089809519538007e-02 1.473754900138690704e+00 -4.387744582724331655e-02 9.218952786229919760e-02 1.376114940933263808e+00 1.195249628998063668e-01 1.115623946247769893e-01
1.715828890227273362e+00 2.367437443846029665e-01 4.945626194150204435e-02 1.634369826920761160e+00 3.998870530743224849e-01 6.063215500970539629e-02 1.473754373381742866e+00 -4.204090856314433161e-02 9.059023730059392876e-02 1.390893037731520510e+00 1.308328607383471287e-01 1.136245976468817920e-01
1.710795482394834144e+00 2.355694455825591282e-01 4.151066691676580378e-02 1.623796889609609106e+00 3.991656637804088525e-01 5.682101279712765268e-02 1.467096916585993949e+00 -4.621727354341447630e-02 8.946951343851887450e-02 1.384425620181539474e+00 1.299373736840526428e-01 1.121958218219720471e-01
1.730026499063686884e+00 2.445516637630065215e-01 3.736145644084915007e-02 1.615689385053077798e+00 3.981200442675846829e-01 5.430168237569472922e-02 1.481337037051085659e+00 -3.931601598123695557e-02 9.442353865958219572e-02 1.391549784793769229e+00 1.291412366017306856e-01 9.674012238347876047e-02
1.739340115238491302e+00 2.480871724328938543e-01 2.999999999999999889e-02 1.609426935827743765e+00 3.986727404534179953e-01 5.584191869545231807e-02 1.476930314633525310e+00 -3.882121018027060583e-02 9.440951741921904672e-02 1.387500482003074076e+00 1.430091204627707557e-01 9.731406116897017844e-02
1.743242749059231711e+00 2.508726740054750270e-01 3.952996568360808705e-02 1.607817485200504493e+00 4.055957301091426270e-01 5.752902456470350423e-02 1.489797825764084704e+00 -3.198236423037267157e-02 9.716794264977890450e-02 1.374123216305112249e+00 1.338341963869131568e-01 9.007675295870344601e-02
1.736408614591282262e+00 2.505338265758151328e-01 3.504956557841960862e-02 1.595768398825722745e+00 4.017258202742189366e-01 5.795072054289048674e-02 1.485822058154507630e+00 -3.467503742322846499e-02 1.037430606083577789e-01 1.362727300036221223e+00 1.334985764715779510e-01 1.035687932821324625e-01
1.727371477263964561e+00 2.492784652540322998e-01 3.249573869737520937e-02 1.591020316361016596e+00 4.016821961955933662e-01 5.771824869169858707e-02 1.470223260372500951e+00 -4.490340086187617069e-02 1.015879367996661009e-01 1.364131393715559692e+00 1.446952784326429875e-01 1.134466534308529589e-01
1.732230096990922563e+00 2.547857611014548995e-01 3.733278599831000438e-02 1.587678085967564989e+00 3.980989907373087555e-01 5.504375253031393994e-02 1.455917838772891493e+00 -5.094521386959707104e-02 9.742516397753317459e-02 1.374735831921254814e+00 1.369120243545112747e-01 1.212081286551646708e-01
1.720366027273092735e+00 2.488584430090513833e-01 3.222705360218672266e-02 1.610957773424922745e+00 4.010977223534512581e-01 6.104672362230680049e-02 1.459751695726468235e+00 -4.853954103792445379e-02 9.746917008038077923e-02 1.375411918278367285e+00 1.281192115515613350e-01 1.058307136895998424e-01
1.709100401603252495e+00 2.486856830477298386e-01 2.999999999999999889e-02 1.605108562686378804e+00 3.971614964777814283e-01 6.309680890585173119e-02 1.466670194093162349e+00 -4.645874808509748571e-02 1.028816433880163361e-01 1.374973320058035187e+00 1.209432644152663022e-01 1.006288722085245113e-01
1.719669150283509973e+00 2.512742146441018787e-01 2.999999999999999889e-02 1.599182336521519643e+00 3.995778306275644121e-01 6.446912951132925673e-02 1.478286485198110567e+00 -4.216995264689179373e-02 1.047134194907433924e-01 1.388528432996205098e+00 1.267330447458545339e-01 9.390463978551102930e-02
1.726828660226386480e+00 2.492866503352752505e-01 3.518743970735910970e-02 1.593601829221096722e+00 4.002282225138970029e-01 6.066340246466243868e-02 1.470062577998747066e+00 -4.384148607320289409e-02 1.040027831582384377e-01 1.398906046165068640e+00 1.252648200734056139e-01 8.614366162216566258e-02
1.727752239997251804e+00 2.521140668960432651e-01 3.378324516784306231e-02 1.579725984409136919e+00 3.965737720757782081e-01 5.886123993739118820e-02 1.483016281573780848e+00 -3.682211993327452054e-02 1.064144250423856297e-01 1.408884600817723820e+00 1.251686246772746036e-01 7.581559936835433056e-02
1.721063057153449316e+00 2.432014012210826359e-01 3.314948481072915731e-02 1.577080153814429897e+00 3.855683698039554241e-01 6.942705266149895582e-02 1.486233052419465794e+00 -3.799935348741661362e-02 1.063363067329705369e-01 1.417941685468707247e+00 1.198929001538147909e-01 6.143361839892746284e-02
1.727557210667637788e+00 2.414956572395383638e-01 2.999999999999999889e-02 1.586047872607779574e+00 3.713961340274796186e-01 6.280717912448596785e-02 1.495168979119564145e+00 -3.573146247368982897e-02 1.033148226852776130e-01 1.431797735236013613e+00 1.107787175169884925e-01 5.013917801544915537e-02
1.734102951785131852e+00 2.423930826561802587e-01 2.999999999999999889e-02 1.584906546703938490e+00 3.573557476608207328e-01 7.359061096362792820e-02 1.492995403232622920e+00 -3.137416155467099427e-02 1.110127257942814527e-01 1.439118470829752638e+00 1.093171950686063904e-01 5.038380055699304833e-02
1.731976049619339042e+00 2.428378048528689603e-01 2.999999999999999889e-02 1.577534217230443625e+00 3.520010335595985529e-01 7.953501673845268793e-02 1.499090202885104972e+00 -2.792720893891452796e-02 1.173720522652115378e-01 1.441380042209600143e+00 1.059200653069470727e-01 5.845122361363748464e-02
1.733535092661129706e+00 2.436924609981809542e-01 2.999999999999999889e-02 1.577376452117176253e+00 3.516766066407021607e-01 8.292364224892842528e-02 1.502757013736780722e+00 -3.232481078902377930e-02 1.194544216427928240e-01 1.444077583735306147e+00 1.053592798297057764e-01 6.540537918878160106e-02
1.736114765829193329e+00 2.449812962704656649e-01 2.999999999999999889e-02 1.588956637607766620e+00 3.628632049859470965e-01 8.388402661624093370e-02 1.507733575371940082e+00 -3.041718362808425169e-02 1.202771942991548298e-01 1.451980655493656513e+00 1.085762406540195790e-01 7.070481960142795119e-02
1.734806288402126473e+00 2.439095854989308532e-01 2.999999999999999889e-02 1.589919765411953456e+00 3.705747495283252535e-01 8.489377357119605449e-02 1.514279330269363122e+00 -2.807784712578520470e-02 1.238035245454324335e-01 1.459953535410660086e+00 1.118165977231218161e-01 7.406452089473643252e-02
1.746992922826576589e+00 2.519648168199938865e-01 2.999999999999999889e-02 1.599684091225618054e+00 3.835994387480355927e-01 8.158430056320498114e-02 1.530316312563654746e+00 -2.128361293782666738e-02 1.231393182705777939e-01 1.464877851100833128e+00 1.194374593091084152e-01 7.804669196771517325e-02
1.752135982347570620e+00 2.494014784263025586e-01 2.999999999999999889e-02 1.607879433529168622e+00 3.784483066141302032e-01 8.584159671262178715e-02 1.534769416637127737e+00 -2.180752535874117340e-02 1.274599023543579457e-01 1.469260095586024661e+00 1.134359135894413839e-01 8.636536131846833664e-02
1.759731632658719569e+00 2.512573691336199011e-01 3.024382640240277226e-02 1.613695306327754597e+00 3.753451844672621163e-01 8.436753205507484255e-02 1.541191633650153880e+00 -2.006781068692149034e-02 1.293786691100945463e-01 1.476969679822437875e+00 1.246141195724140560e-01 8.290798479204020133e-02
1.759589723161973263e+00 2.527108799074869738e-01 2.999999999999999889e-02 1.615211727720244683e+00 3.800783367069779373e-01 8.651689074266971646e-02 1.545499756552007664e+00 -1.844145874638446897e-02 1.324613203909320025e-01 1.477648951543922173e+00 1.259380928421268697e-01 8.630699548901434037e-02
1.766169280380697870e+00 2.562548997410925566e-01 3.603468645339470700e-02 1.619223682113274387e+00 3.781081303457228815e-01 8.763909840713975108e-02 1.550967292973377765e+00 -1.528295589031585661e-02 1.295512955472219452e-01 1.481975909891075860e+00 1.322677215545472185e-01 8.076886884238969333e-02
1.767246675095607733e+00 2.535931127050803369e-01 3.302934890255366379e-02 1.617840187322727941e+00 3.794638964678588855e-01 8.339760855292396857e-02 1.554394930586902035e+00 -1.512575215671846038e-02 1.274696354174024160e-01 1.480309868453238753e+00 1.350448077380949907e-01 7.876242406702380072e-02
1.766141384326136654e+00 2.512045668580397684e-01 2.999999999999999889e-02 1.622238215327707511e+00 3.791327285151278592e-01 8.323251916753801605e-02 1.554736547152314685e+00 -1.915874777948743668e-02 1.266984189533308380e-01 1.484394631787536056e+00 1.316730828946767462e-01 7.634528133368262415e-02
1.767204047443247994e+00 2.478775125421714687e-01 2.999999999999999889e-02 1.623995408416731623e+00 3.793741093307743117e-01 8.163176905256816496e-02 1.556190149764828279e+00 -2.297675776962251892e-02 1.258442634328445497e-01 1.484213012579659541e+00 1.269227320332276809e-01 8.031187500213571306e-02
1.760636379369047599e+00 2.432742805952852749e-01 2.999999999999999889e-02 1.620526950748561124e+00 3.859503581631059665e-01 7.942058460901177397e-02 1.554251668478519033e+00 -2.199070894837526838e-02 1.243605947197228001e-01 1.482656504777153161e+00 1.243014229552764083e-01 8.063150738484035907e-02
1.745633724903209005e+00 2.360923843384331866e-01 2.999999999999999889e-02 1.602624894925587240e+00 3.832594618607107484e-01 7.588950727341829683e-02 1.549941224237622706e+00 -2.587674399932081426e-02 1.245165433997824367e-01 1.467889210951832890e+00 1.201691859717440719e-01 8.176740150520518668e-02
1.744814066216302972e+00 2.380454374786254712e-01 2.999999999999999889e-02 1.599659499272143570e+00 3.893850345594466744e-01 6.780472004592362489e-02 1.549897666339525193e+00 -2.634127323499381446e-02 1.220617280524832898e-01 1.460189335324633575e+00 1.156313978643207507e-01 8.141727918818608689e-02
1.733407731813185082e+00 2.320014443180102859e-01 2.999999999999999889e-02 1.592133850284980001e+00 3.965293978273383146e-01 6.045684255874921725e-02 1.543008524932911962e+00 -2.885973090074335501e-02 1.206618264236213739e-01 1.451405620545653363e+00 1.103987498920316890e-01 7.807655080234457423e-02
1.750129407937029535e+00 2.409602780535951838e-01 2.999999999999999889e-02 1.572986919107812076e+00 3.654169658338869420e-01 5.962582985387984008e-02 1.544160859184342316e+00 -3.009142670327033531e-02 1.161337016014381829e-01 1.427420547242048920e+00 8.417708492094405637e-02 8.634126454408459772e-02
1.747576122575954294e+00 2.299045982716726444e-01 2.999999999999999889e-02 1.574429347098830867e+00 3.748384262881831464e-01 5.709750743628927427e-02 1.551414912239600152e+00 -2.934459627793362113e-02 1.185862931232147255e-01 1.397934038479831997e+00 6.427571120961772522e-02 8.829532322534169864e-02
1.696005413076215884e+00 2.069665553408621128e-01 2.999999999999999889e-02 1.430729342464255094e+00 3.266932181236405497e-01 2.999999999999999889e-02 1.911004016014728579e+00 1.682313821608452109e-01 2.372943883416317457e-01 1.864386443697870321e+00 -7.542846297789705667e-02 2.171195867974515803e-01
1.226315216853068879e+00 1.591259445791066152e-01 2.999999999999999889e-02 1.343747752189280220e+00 1.740454603887572893e-01 7.887692675716931334e-02 1.361540791142265672e+00 3.928387484231209426e-01 1.451269300085738512e-01 1.594902822924398667e+00 3.615496189795384119e-01 1.012028974203115911e-01
1.158756057958184149e+00 3.561012674556346957e-01 6.320090921055079858e-02 1.331166562164861844e+00 5.069061356196674639e-01 3.201490051862528052e-02 9.354392333687476802e-01 4.184628863291435241e-01 7.836513322790816805e-02 1.070669533346218838e+00 6.883466511521283415e-01 1.708303762811769211e-01
1.086688301308682103e+00 4.695963704093464863e-01 2.999999999999999889e-02 1.245847610820526308e+00 4.753314883016873660e-01 2.999999999999999889e-02 8.935438912063592420e-01 5.266226085663858747e-01 2.999999999999999889e-02 9.432605765450284840e-01 6.861864698222488457e-01 1.606381612465101194e-01
9.541831840733208114e-01 5.085871133213921702e-01 8.181432243596623022e-02 1.097204766653869790e+00 5.784672066569505056e-01 2.999999999999999889e-02 7.146427324070856457e-01 5.315400825691473097e-01 2.999999999999999889e-02 8.757665973278659921e-01 8.029809429734269255e-01 2.999999999999999889e-02
9.096366306771404009e-01 5.918767528040443926e-01 2.999999999999999889e-02 1.025744074521130811e+00 5.810989860484121472e-01 2.999999999999999889e-02 5.992338386077307177e-01 6.109278935565053414e-01 2.999999999999999889e-02 8.805573354992352053e-01 8.182618816268408812e-01 2.999999999999999889e-02
7.840470705651041428e-01 7.383878710150709734e-01 2.999999999999999889e-02 8.769394062873389073e-01 7.300211761761425944e-01 3.821685109183804718e-02 5.571203499585526409e-01 7.504985742009635530e-01 2.999999999999999889e-02 7.332502890084223734e-01 8.556487483545833772e-01 2.999999999999999889e-02
5.944363679855739768e-01 8.884684562761810955e-01 3.621440115990601227e-02 6.924481048635262592e-01 8.753815442377371747e-01 1.169694702346584236e-01 4.003745302340152579e-01 9.151072159681965523e-01 2.999999999999999889e-02 6.173544684098635216e-01 1.073437722542267103e+00 2.999999999999999889e-02
5.869657720061821626e-01 8.897796173880944126e-01 1.015330018337868845e-01 6.267082371528316376e-01 8.949135477638437974e-01 1.522250505509770147e-01 4.146573057107247329e-01 9.923073804514848106e-01 2.999999999999999889e-02 6.215530239302408111e-01 1.087762735050808116e+00 2.999999999999999889e-02
5.575861063276937868e-01 9.309286271578343097e-01 1.041984128506098506e-01 5.779980666629149777e-01 8.098645358831266794e-01 1.646211562928131533e-01 4.710813355502416755e-01 1.071258057784381323e+00 2.999999999999999889e-02 5.915261829255166193e-01 1.110110016713533376e+00 2.999999999999999889e-02
5.475952961926106033e-01 9.378567437755546132e-01 1.037466114870590900e-01 5.878598910980760150e-01 8.460476817250637271e-01 1.692182002781919548e-01 5.063383421736434853e-01 1.138427936212187630e+00 2.999999999999999889e-02 6.197031849099942091e-01 1.128187941485632173e+00 2.999999999999999889e-02
4.343551338221124936e-01 8.818796984005932149e-01 1.427872706786446066e-01 6.030591758316797835e-01 8.906510638228676280e-01 1.584691292329904466e-01 4.493231363605059148e-01 1.162035993075339002e+00 2.999999999999999889e-02 6.129373185552190462e-01 1.169773730837637915e+00 2.999999999999999889e-02
3.401258251853333525e-01 7.692600429619290692e-01 1.351947269609598823e-01 4.971709289872882076e-01 8.889887189649091637e-01 1.550555143347222553e-01 3.977103684565633790e-01 1.191891943544819643e+00 2.999999999999999889e-02 5.284746848987262879e-01 1.186356042805526423e+00 4.822757568963646074e-02
2.659409979845138716e-01 7.428468555316328770e-01 1.011799573618870351e-01 4.516606336532090760e-01 8.842628937542588163e-01 1.387414924440711073e-01 3.216169015131957187e-01 1.207464285875780252e+00 2.999999999999999889e-02 4.556007427933030929e-01 1.142409809258329467e+00 2.999999999999999889e-02
2.252587156076888975e-01 7.702489429511507613e-01 9.138384741228042230e-02 3.837603752905866528e-01 8.025451931677697326e-01 1.294762058570848862e-01 2.476544022545530965e-01 1.221046036993156836e+00 2.999999999999999889e-02 3.976109557531339878e-01 1.180096079751526972e+00 3.118671267216416992e-02
1.478102695616417273e-01 6.927416400683684694e-01 1.252439025316852694e-01 3.054472556628439750e-01 7.668344242253369858e-01 1.116657913816173076e-01 1.822081576275533243e-01 1.233073926301419654e+00 2.999999999999999889e-02 3.286408654735295531e-01 1.190411771691609388e+00 3.503002977585413513e-02
5.408815343960838434e-02 5.968110881167327797e-01 1.427299120947946864e-01 2.044853745121797683e-01 7.842943084663072106e-01 8.942911678182388635e-02 5.775786505770177937e-02 1.143336263121244256e+00 3.698885236923650510e-02 2.505665645558226018e-01 1.218929712270137689e+00 4.759097548018600965e-02
6.345138373835474029e-03 5.822908461409096459e-01 1.324884976025166305e-01 1.235515032037633743e-01 7.866689226039733640e-01 7.431752175059129495e-02 -1.471174094562044225e-02 1.081018037841110724e+00 3.952138991152513714e-02 2.001090664527305218e-01 1.229287437150980544e+00 4.394544651953709302e-02
-2.128977930968253829e-02 5.808527819818580795e-01 1.209438327068574626e-01 1.110990390496514185e-01 7.675210506384166909e-01 7.786751653817827745e-02 -7.544159516644630137e-02 1.087979693724345109e+00 2.999999999999999889e-02 9.942519933044682845e-02 1.188477779539913515e+00 8.094422792699700053e-02
-7.387048088345554708e-02 5.610943303938771276e-01 1.131058207482097955e-01 7.720676452377725485e-02 6.520861167317958396e-01 8.108784619496570145e-02 -1.273577436527296158e-01 1.057679769208383469e+00 7.580611583597468561e-02 5.711880395810862293e-02 1.043571259253471162e+00 7.159433402964174298e-02
-6.812095056777069113e-02 4.966763702132693248e-01 9.894080902403834532e-02 3.654709162253293869e-02 5.512952459576168085e-01 1.332517681903367668e-01 -1.602231451940540063e-01 9.731510195858462664e-01 7.860639489124579549e-02 5.130731432019646626e-02 1.042324270909325890e+00 7.059903524661541308e-02
-1.020686630439116144e-01 5.476400973463783073e-01 1.095761967076047672e-01 4.031826664772383134e-02 5.131728307736606043e-01 1.048292520117282411e-01 -1.806695224344730122e-01 9.713978336892474807e-01 7.759456701539010903e-02 2.115867887318291854e-02 1.037576102915199083e+00 6.545121394213700150e-02
-1.210774468232213852e-01 5.456519201243670292e-01 1.025070713151121360e-01 2.138821443342116616e-02 5.088206083139985569e-01 9.514200980183622203e-02 -1.878742256458382220e-01 9.655836413385820993e-01 7.007702313696861918e-02 -4.080342763432193154e-03 1.022691530444787888e+00 6.604572178658815740e-02
-1.302923834871499154e-01 5.460562602018147471e-01 8.582955797931002273e-02 2.742256852039738277e-02 5.107379676565626525e-01 8.823738757757851325e-02 -2.002369391664876042e-01 9.653035020529170396e-01 6.301946729231400202e-02 -2.595528520164925787e-02 9.566972722809113927e-01 8.534607392602958087e-02
-1.406571787702813048e-01 5.437222308821325623e-01 8.151427216794801534e-02 1.804154648328280125e-02 5.116008029729467443e-01 7.923797351246295029e-02 -2.010002942989022878e-01 9.126731708529949305e-01 2.999999999999999889e-02 -5.370776483629993714e-02 9.431041126215968795e-01 8.301959416908286093e-02
-1.476009254117845171e-01 5.492296670355361066e-01 7.324741281382698976e-02 1.145029812109711609e-02 5.146290696657187524e-01 7.112879746925387936e-02 -2.096562295817174237e-01 9.163032262456350940e-01 2.999999999999999889e-02 -5.685831434206274626e-02 9.430755613541041971e-01 7.740087614256860316e-02
-1.557091016350184154e-01 5.444683751930833315e-01 6.549274227730204900e-02 6.987242109800893483e-03 5.139850035786399651e-01 6.542518972446453862e-02 -2.155340502057893071e-01 9.165734253732186199e-01 2.999999999999999889e-02 -6.130098717906581202e-02 9.449286559856413525e-01 7.324280044522211985e-02
-1.591807773831760420e-01 5.423212053386949894e-01 6.543722390797683530e-02 8.010133492192457808e-03 5.135008531320882641e-01 6.440472680437427100e-02 -2.228581540994723220e-01 9.124738863893501195e-01 2.999999999999999889e-02 -6.009267936874383709e-02 9.406086179640277267e-01 7.072570065751192236e-02
-1.588698656929001252e-01 5.403805330169282328e-01 6.737983447538359316e-02 1.458800988558289942e-02 5.106278162548831823e-01 6.624545470594266072e-02 -2.288092367349460754e-01 9.099839010285990515e-01 2.999999999999999889e-02 -6.057517099164419494e-02 9.399135957361487437e-01 7.388126960914208341e-02
-1.613592694179246667e-01 5.375192894272431410e-01 7.029683200103400975e-02 8.294173882069827072e-03 5.104781493416635785e-01 6.690363745873958989e-02 -2.382519289885592639e-01 9.088505174142720300e-01 2.999999999999999889e-02 -7.415241276536561899e-02 9.396998899607760247e-01 7.074086719849681515e-02
-1.652233732212498862e-01 5.378562359735084009e-01 7.450594746035492377e-02 -1.763637945098244647e-03 5.059694360363330423e-01 6.698548448045096859e-02 -2.332900201135699181e-01 9.084028777884703976e-01 2.999999999999999889e-02 -8.648917238321879308e-02 9.429880936662656810e-01 7.379436026213095912e-02
-1.617363091161444222e-01 5.357445551882220602e-01 7.996011394305897746e-02 -2.422789806738169169e-03 5.069947657092740423e-01 6.884380041748232315e-02 -2.325634373878877337e-01 9.113364424872392178e-01 2.999999999999999889e-02 -8.822517419217257295e-02 9.448362385481436920e-01 7.021839986672949452e-02
-1.495055050844061040e-01 4.779427532817833724e-01 8.510097329342342087e-02 3.761950780683490526e-03 5.132020634925862357e-01 6.868339795074644705e-02 -2.349873778898912413e-01 9.180476993172910216e-01 2.999999999999999889e-02 -8.316121922881604400e-02 9.502790074347082783e-01 7.387201340428248275e-02
-1.405829302585130947e-01 4.156964241897180279e-01 9.409185394624418330e-02 1.112485757490556774e-02 5.169557430563413991e-01 6.833218858985604105e-02 -2.316066268609789647e-01 9.137656011275803181e-01 2.999999999999999889e-02 -7.524958695123246111e-02 9.465529087654871443e-01 6.985369267864730003e-02
-1.375526889227640104e-01 4.467357739792271465e-01 8.633214004868731972e-02 1.799684401824371005e-02 5.174388715560680474e-01 7.111560532169705628e-02 -2.200722774554210448e-01 9.184402648816195613e-01 2.999999999999999889e-02 -6.723508328380710386e-02 9.530142716262601787e-01 7.889758495231651014e-02
-1.349479876917900611e-01 4.559600531275465607e-01 8.773116126456162456e-02 2.010294893296204685e-02 5.217729895923489680e-01 7.401206785885892925e-02 -2.160315439321029429e-01 9.192704591945849435e-01 2.999999999999999889e-02 -6.817213105519541461e-02 9.547341367816767344e-01 7.798387191474892566e-02
-1.352048585782551215e-01 4.605555788401863859e-01 8.938901448683309048e-02 2.086285994645363517e-02 5.262523561503625880e-01 7.503015463048086364e-02 -2.152261544159363715e-01 9.243935344840890078e-01 2.999999999999999889e-02 -7.153681718271379109e-02 9.580206721074234766e-01 7.606197429288533152e-02
-1.380295860283722864e-01 4.647948832785385176e-01 8.825000088962660361e-02 1.743617445549561565e-02 5.292891493111140377e-01 7.512253825861309187e-02 -2.131957278454368332e-01 9.274683626345230358e-01 2.999999999999999889e-02 -7.391948146504535855e-02 9.619270273439417540e-01 7.625966311886527016e-02
-1.403340881143889662e-01 4.697828073830289664e-01 8.707560663086416630e-02 1.301282582775742727e-02 5.334209960623668145e-01 7.471847267192649467e-02 -2.180925713353537576e-01 9.307389578863669577e-01 2.999999999999999889e-02 -7.662119734066630272e-02 9.632296922723904142e-01 7.744310081978769689e-02
-1.409991428901042343e-01 4.705708045862161959e-01 8.866700284436745960e-02 9.742617569573081698e-03 5.353337797635421280e-01 7.471991048626350218e-02 -2.192915787035951414e-01 9.355474239078362952e-01 2.999999999999999889e-02 -8.122016543553010892e-02 9.692911163540929298e-01 7.757803145293976077e-02
-1.381322309120971426e-01 4.729239273747308236e-01 8.861382959846519913e-02 6.611877327538937324e-03 5.353658254822939444e-01 7.411948379783625529e-02 -2.246413104090332347e-01 9.370342645557703243e-01 2.999999999999999889e-02 -8.950753033429635630e-02 9.706360574657914020e-01 7.379303867252591520e-02
-1.412960196283571945e-01 4.753485086115238900e-01 8.746416989767914762e-02 1.169080609998082937e-03 5.372635120331432645e-01 7.176811803933771938e-02 -2.245403970744760946e-01 9.410874771446149367e-01 2.999999999999999889e-02 -9.538460633910635089e-02 9.748915172325481882e-01 7.278158284567440295e-02
-1.451043539417667116e-01 4.738761426163208279e-01 8.374114260908066543e-02 -4.034802590939911247e-03 5.391915635333388579e-01 6.649611623961859674e-02 -2.315253833125341665e-01 9.429229367036474629e-01 2.999999999999999889e-02 -9.930086312434968643e-02 9.765964111507920986e-01 6.925730661379145281e-02
-1.495148311315106227e-01 4.764055089956604760e-01 8.316349424285754410e-02 -5.913700205031864783e-03 5.419979052831547239e-01 6.565289699169520043e-02 -2.328915156194493741e-01 9.466860522780720100e-01 2.999999999999999889e-02 -9.749814660179444148e-02 9.791813640791720008e-01 6.987671335605974421e-02
-1.542117878976387857e-01 4.791192597420472210e-01 8.217670394321405225e-02 -1.227853678418339145e-02 5.417619505901564159e-01 6.442015068212827988e-02 -2.358479258166341908e-01 9.458530237034239452e-01 2.999999999999999889e-02 -9.938857204492082542e-02 9.804437754677091110e-01 6.881265824048178603e-02
-1.569388432031440239e-01 4.774523557101966742e-01 8.072116600281455112e-02 -1.683447245223132493e-02 5.422679409611397272e-01 6.254577025985105787e-02 -2.362811425896257367e-01 9.481458250273665511e-01 2.999999999999999889e-02 -1.001283886213245738e-01 9.811009255033934506e-01 6.543238021665721826e-02
-1.590746133362566650e-01 4.760573154617250280e-01 8.209392507909663017e-02 -1.589684617188484930e-02 5.406208095854907469e-01 6.248733357904339564e-02 -2.379487604781636567e-01 9.476605367386792267e-01 2.999999999999999889e-02 -9.849484599720936817e-02 9.789670146044036070e-01 6.835041917102760434e-02
-1.602892791520038052e-01 4.761233852876058936e-01 8.517395624081733341e-02 -1.633321606893349542e-02 5.399835849941320154e-01 6.555060284005528870e-02 -2.399995834691226737e-01 9.464753577926374728e-01 2.999999999999999889e-02 -9.638097271847359537e-02 9.775375812716818880e-01 7.118371744941777435e-02
-1.617577730925074675e-01 4.763721858220114069e-01 8.629152266738335242e-02 -1.933159177700446638e-02 5.389643467264733090e-01 6.664134842152680260e-02 -2.451773813040194483e-01 9.432596664734849146e-01 2.999999999999999889e-02 -9.962901558343874309e-02 9.760340808444121219e-01 7.179619719161267621e-02
-1.631268866266449846e-01 4.733199043108221593e-01 8.611273199661875766e-02 -2.192748587794289897e-02 5.352848920907046226e-01 6.642189482432310499e-02 -2.512060391747856225e-01 9.384257582620275651e-01 2.999999999999999889e-02 -1.030932714080074059e-01 9.756440283164381500e-01 7.249294072403422717e-02
-1.676344933079260968e-01 4.702222302177899160e-01 8.989356966143222105e-02 -2.220817053394185184e-02 5.332854673137439327e-01 6.692948048631852664e-02 -2.523031277211287837e-01 9.358784139677798208e-01 2.999999999999999889e-02 -9.882341501990719868e-02 9.701967472146156846e-01 7.359781960019733116e-02
-1.715218805850772799e-01 4.633136271526834826e-01 8.540003100718564222e-02 -2.438936906391199477e-02 5.294368032752768682e-01 6.537008154481674382e-02 -2.579931975376370534e-01 9.326711211603703200e-01 2.999999999999999889e-02 -1.027500498042241972e-01 9.674905370979369756e-01 6.960257387929656703e-02
-1.724934657871811383e-01 4.647776695375867573e-01 7.781041892974666085e-02 -2.873534135427345190e-02 5.309291077749089816e-01 5.917938092950381090e-02 -2.668174896563749177e-01 9.322398203941055783e-01 2.999999999999999889e-02 -1.117823050551672998e-01 9.693893819669693324e-01 6.532522628114093011e-02
-1.810782176567724555e-01 4.643005812911454311e-01 7.169295075686708818e-02 -3.594436205735705714e-02 5.285355185447265791e-01 5.176250356697267851e-02 -2.716682939330596902e-01 9.324514022381621414e-01 2.999999999999999889e-02 -1.268288143948440305e-01 9.691649779515351115e-01 5.677065409754820935e-02
-1.844894601855165406e-01 4.642515897840180372e-01 6.867670509926886158e-02 -3.955133868777065825e-02 5.270075782795760055e-01 4.693745699504976027e-02 -2.798850242305266911e-01 9.337719883110580099e-01 2.999999999999999889e-02 -1.281878321805429710e-01 9.692171065465920998e-01 5.179495587231837395e-02
-1.823636056852259157e-01 4.626151189750887793e-01 6.698583739112656810e-02 -3.882414452703727981e-02 5.236178786145994080e-01 4.548270916564085831e-02 -2.768827272002329920e-01 9.317768508376308434e-01 2.999999999999999889e-02 -1.186621662683983724e-01 9.649105270103016663e-01 5.066491655545167505e-02
-1.740247089946519721e-01 4.582254642167462033e-01 6.626683462554910919e-02 -3.527176913799966868e-02 5.215048337623368058e-01 4.473479077430952272e-02 -2.719222389632672821e-01 9.237954456968464623e-01 2.999999999999999889e-02 -1.224237014347618197e-01 9.635394963800838486e-01 4.866775411468140383e-02
-1.705879195977060836e-01 4.591511245665833574e-01 6.713397540619961412e-02 -3.035071795799772557e-02 5.197381462836486721e-01 4.673512937783552701e-02 -2.603225340229340379e-01 9.249785413337672235e-01 2.999999999999999889e-02 -1.159745180101792728e-01 9.611674806244214775e-01 5.265307525159607094e-02
-1.629888872455691196e-01 4.600771249622199188e-01 6.788662378175158718e-02 -1.987684319077392958e-02 5.203002217796384166e-01 5.000000000000023176e-02 -2.496828533936429340e-01 9.251664958058721799e-01 2.999999999999999889e-02 -9.961122142736694718e-02 9.590714756085751969e-01 5.679194549817688509e-02
-1.565905015580513204e-01 4.600884275746757179e-01 6.964574043245193302e-02 -9.599287495696693512e-03 5.220929035594359391e-01 5.278270032824249058e-02 -2.416120415678545685e-01 9.212460180733974546e-01 2.999999999999999889e-02 -8.474727183620080206e-02 9.580294177518220433e-01 5.976029829786739384e-02
-1.428491311594534130e-01 4.609402175745775376e-01 7.372266396205370831e-02 -2.955864012809410971e-03 5.211158833652888012e-01 5.492584574292480593e-02 -2.273189072286265489e-01 9.179520592493904951e-01 2.999999999999999889e-02 -8.009477952020498115e-02 9.554944601165791251e-01 6.101614250746280332e-02
-1.281833925357918069e-01 4.606481256006862979e-01 7.512018042795709505e-02 4.295297450654070488e-03 5.218942820154701678e-01 5.503911025341758079e-02 -2.015564756108167987e-01 9.135584866005054261e-01 2.999999999999999889e-02 -5.967898119321934924e-02 9.510578213888125632e-01 6.524378054829983731e-02
-1.185101568762841201e-01 4.597361240109442138e-01 7.288575040190543863e-02 1.766212465315931956e-02 5.202358705387241100e-01 5.327070417916243000e-02 -1.845575987453883238e-01 9.103060414180275117e-01 2.999999999999999889e-02 -3.899446322486570943e-02 9.461528020545605377e-01 6.921955302816817923e-02
-1.102876196389692975e-01 4.634655362828298819e-01 7.491417635953104281e-02 1.508515757204521683e-02 5.236783911857106899e-01 5.426141698974003280e-02 -1.714011580612093966e-01 9.107001464029248483e-01 2.999999999999999889e-02 -2.910933678022490159e-02 9.481126077584555167e-01 7.039977239701322720e-02
-9.919080327368580419e-02 4.614288395853435865e-01 7.571323978476146577e-02 2.466258363054625591e-02 5.215730200626206292e-01 5.419383626798796039e-02 -1.544848211910233582e-01 9.071502449363582077e-01 2.999999999999999889e-02 -1.244669029236968039e-02 9.440448890356828437e-01 6.930228443979619124e-02
-9.675823836175596881e-02 4.618167170611863770e-01 7.335328763800251506e-02 3.062066994364300021e-02 5.210801403598900317e-01 5.409615686011126634e-02 -1.451358573560049270e-01 9.063012990948837722e-01 2.999999999999999889e-02 -9.431692487005960066e-03 9.432922160201171469e-01 7.006559914623582130e-02
-8.810028514580167669e-02 4.591987995851361526e-01 7.274083303252247557e-02 4.443097974281493001e-02 5.204779213024731677e-01 5.723990683247926620e-02 -1.333110696862354061e-01 9.044445644146581476e-01 2.999999999999999889e-02 1.863467809327733031e-04 9.396989454807832542e-01 7.179052015366307882e-02
-8.619583934749788789e-02 4.610876282407611604e-01 6.672943361205610491e-02 4.304350638129863377e-02 5.202581935451583428e-01 5.023605585958021424e-02 -1.291220210065688878e-01 9.090168726768494967e-01 2.999999999999999889e-02 4.492901649743353404e-03 9.418005127484458949e-01 6.592172799215406664e-02
-8.659826748696880516e-02 4.654120799818142196e-01 6.437004518712877155e-02 4.188216103396379814e-02 5.206819038648873299e-01 4.490113822228346957e-02 -1.305835436277992534e-01 9.091667448040378074e-01 2.999999999999999889e-02 -2.045524146299658105e-03 9.431503289298442949e-01 5.985422346079792566e-02
-9.030788630282496343e-02 4.623927583282282927e-01 6.007790018700323587e-02 4.068269214242666021e-02 5.202903553168267692e-01 4.219231510159003606e-02 -1.387702186438936613e-01 9.087656917332737061e-01 2.999999999999999889e-02 -8.564536138044072031e-03 9.431167297634178714e-01 5.457835267449274996e-02
-1.057460509887327149e-01 4.627294970436195976e-01 5.409824328619540490e-02 2.959944636746180899e-02 5.209672988376818914e-01 3.683205997535976550e-02 -1.526157966961895485e-01 9.151319203514169942e-01 2.999999999999999889e-02 -1.943063570313696350e-02 9.447247646163110524e-01 4.984215954189236131e-02
-1.271328773786443989e-01 4.608796897293559458e-01 4.851466645678250561e-02 2.896298550474020808e-02 5.227287608598705226e-01 3.425976652156197122e-02 -1.845178274055938039e-01 9.163720125297655228e-01 2.999999999999999889e-02 -4.214119610152895767e-02 9.527030929159121531e-01 4.513699707914916454e-02
-1.653291160629847822e-01 4.591295146392791460e-01 3.910109417229751250e-02 -8.868552573622569453e-05 5.232478379337280883e-01 2.999999999999999889e-02 -2.232156484351689174e-01 9.253898837392374732e-01 2.999999999999999889e-02 -7.713410383178211094e-02 9.587571505154922624e-01 3.273882829411977474e-02
-2.099510399285946238e-01 4.462133644314744685e-01 2.999999999999999889e-02 -4.502930741102873641e-02 5.270845312526927229e-01 2.999999999999999889e-02 -2.855821794167732741e-01 9.247089177946800076e-01 2.999999999999999889e-02 -1.253612564382609595e-01 9.644141499675094042e-01 2.999999999999999889e-02
-2.820392498720533658e-01 3.925760924840993038e-01 4.152910338560748121e-02 -1.287924223245153210e-01 5.284176306409370527e-01 2.999999999999999889e-02 -3.938559362702978572e-01 8.408315016903460393e-01 2.999999999999999889e-02 -1.963638920076128946e-01 9.880316320318200951e-01 2.999999999999999889e-02
-3.369486187855557091e-01 4.115884041486349010e-01 2.999999999999999889e-02 -2.110309311921304554e-01 5.127717786342016471e-01 2.999999999999999889e-02 -4.710811988648782589e-01 8.249085964178037855e-01 2.999999999999999889e-02 -2.765923978430960828e-01 1.017119480520303654e+00 2.999999999999999889e-02
-3.879132067888519941e-01 4.206028109802151249e-01 2.999999999999999889e-02 -2.653511842514624242e-01 4.741920497226379538e-01 2.999999999999999889e-02 -5.592512377957795655e-01 8.327507620725835835e-01 2.999999999999999889e-02 -3.880403904743325305e-01 8.836428739460292503e-01 2.999999999999999889e-02
-4.464208927029288954e-01 3.620873813501905847e-01 2.999999999999999889e-02 -3.165787194311003305e-01 4.570700512985865771e-01 2.999999999999999889e-02 -6.849545232300910946e-01 7.098755697607521675e-01 2.999999999999999889e-02 -4.622592462912129552e-01 8.360186213685969481e-01 2.999999999999999889e-02
-4.324617508190582993e-01 2.083664818859549406e-01 2.999999999999999889e-02 -3.671522958683784976e-01 4.680591884080625431e-01 2.999999999999999889e-02 -8.167022211250873909e-01 4.361275713085910333e-01 5.826549346812726071e-02 -6.226479093971948320e-01 7.405944872520553446e-01 2.999999999999999889e-02
-4.344001404860232118e-01 1.964699332594122827e-01 2.999999999999999889e-02 -3.698967925541808421e-01 4.617432342430354275e-01 2.999999999999999889e-02 -8.543277255793303437e-01 3.878731368524268586e-01 2.999999999999999889e-02 -6.587448821700323531e-01 7.133856090989904031e-01 2.999999999999999889e-02
-4.181946494174925144e-01 1.966642737599968438e-01 2.999999999999999889e-02 -3.986390525665833295e-01 4.428756705548788641e-01 2.999999999999999889e-02 -8.426098567925722760e-01 3.960183853866894865e-01 2.999999999999999889e-02 -7.308223577587679154e-01 5.384630780407997364e-01 2.999999999999999889e-02
-3.555082682655440474e-01 2.039099490592096164e-01 2.999999999999999889e-02 -4.101405514978737621e-01 5.400819984345963665e-01 6.548641592554250990e-02 -7.916836236948046057e-01 1.530872280663437002e-01 5.271140076958698989e-02 -7.082710144098046667e-01 5.514697874593988969e-01 2.999999999999999889e-02
-2.544481751748089438e-01 2.159805501713404352e-01 2.999999999999999889e-02 -3.669667377537063624e-01 5.902452843670699112e-01 8.546543352490185153e-02 -6.908876691245788848e-01 1.581801570726906747e-01 4.763520863866796407e-02 -6.516016409069635973e-01 5.263328388173814654e-01 2.999999999999999889e-02
-1.893093595051402733e-01 3.281544439615291520e-01 2.999999999999999889e-02 -2.913533977681497800e-01 5.861042983748385726e-01 2.999999999999999889e-02 -6.662274570023967168e-01 6.898210709950618191e-02 2.999999999999999889e-02 -7.056249142015406095e-01 2.798681886042777567e-01 2.999999999999999889e-02
-1.473968630830934656e-01 3.290420264345200740e-01 2.999999999999999889e-02 -1.917099736558484369e-01 4.435354778853302093e-01 2.999999999999999889e-02 -5.767712681642320760e-01 7.019560352420123328e-02 2.999999999999999889e-02 -6.689456618395371867e-01 2.743655402761878137e-01 2.999999999999999889e-02
-1.368727520706999046e-01 3.430072678476897563e-01 2.999999999999999889e-02 -2.281934562708777814e-01 4.337937986839691118e-01 2.999999999999999889e-02 -4.776346052467331238e-01 8.109169196324617079e-02 2.999999999999999889e-02 -6.138975676211004817e-01 2.247278209698072293e-01 3.115715872970770475e-02
-9.146641480230839616e-02 3.099707032395553896e-01 2.999999999999999889e-02 -2.032197154750651769e-01 4.363423595138603561e-01 2.999999999999999889e-02 -4.677419339332541948e-01 9.070848217828533788e-02 2.999999999999999889e-02 -5.840427261945676518e-01 1.316946368787059729e-01 2.999999999999999889e-02
-8.930677990102782460e-02 2.170233211622198677e-01 2.999999999999999889e-02 -1.728749508605384733e-01 4.359832129494206066e-01 2.999999999999999889e-02 -4.527294310547144152e-01 9.276537816236379852e-02 2.999999999999999889e-02 -5.783119635445821416e-01 1.183406493627298106e-01 2.999999999999999889e-02
-9.980339562770408623e-02 1.852398341648946178e-01 2.999999999999999889e-02 -1.629166524385894377e-01 4.391675162711410896e-01 2.999999999999999889e-02 -4.492426563589369537e-01 8.003229390699075074e-02 3.208580334242963628e-02 -5.543274531124209314e-01 1.373310982015472081e-01 2.999999999999999889e-02
-8.106904205620189818e-02 1.788524023754475833e-01 2.999999999999999889e-02 -1.641386083441266353e-01 4.189201813497321347e-01 2.999999999999999889e-02 -4.112892878355290938e-01 7.920356262010862236e-02 3.338619598682857070e-02 -5.238405764042716184e-01 1.159430203383350899e-01 5.784378466855038398e-02
-4.514669949560404238e-02 1.713290727954279169e-01 2.999999999999999889e-02 -1.005817733627996785e-01 4.101891783617155340e-01 2.999999999999999889e-02 -4.086845481810099101e-01 7.445222892112483837e-02 3.233161190192200551e-02 -4.748571104308431101e-01 1.278931144744240855e-01 6.673834947307047405e-02
-8.238834585261817223e-02 1.456489366568884392e-01 2.999999999999999889e-02 5.660256893670752298e-02 2.318308641416144955e-01 2.999999999999999889e-02 -3.753636705893440562e-01 1.119820147939595695e-01 2.999999999999999889e-02 -3.693983728430868529e-01 1.449026948663900138e-01 2.999999999999999889e-02
-9.048904352135345164e-02 1.126492982831391737e-01 2.999999999999999889e-02 2.242035412076882062e-01 1.434436981541026557e-01 2.999999999999999889e-02 -3.330102420377212269e-01 9.708862436306855970e-02 2.999999999999999889e-02 -3.417079180220300993e-01 1.153625702570481165e-01 4.681150287376847213e-02
-7.509341811164986502e-02 -2.051912297179856598e-02 3.704912636879415661e-02 2.094999390128243766e-01 1.227020479867794028e-01 2.999999999999999889e-02 -2.612286577226846651e-01 3.955079576060506474e-02 2.999999999999999889e-02 -2.661659175150316026e-01 1.059506971881634257e-01 4.887302027949064209e-02
1.261539670680972003e-01 1.595264348493801235e-02 2.999999999999999889e-02 2.153985651366961407e-01 9.914238977622180649e-02 2.999999999999999889e-02 -1.670945186274515881e-01 -6.973747905714092199e-02 2.999999999999999889e-02 -2.196314457873393133e-01 1.197187030812422726e-01 5.363526018356942066e-02
2.813116558034455816e-01 -1.101845491945268180e-01 2.999999999999999889e-02 2.392679199810224255e-01 9.145251133004583810e-02 2.999999999999999889e-02 -1.182239984327023985e-01 -6.796893204385467957e-02 2.999999999999999889e-02 -1.896268359924078162e-01 1.158463693859183019e-01 7.590832043694258069e-02
4.659022553836198455e-01 -1.767551422940619454e-01 2.999999999999999889e-02 2.696032727396626694e-01 8.465482410239325017e-02 2.999999999999999889e-02 -1.165759295857584921e-01 -6.892028747376624520e-02 2.999999999999999889e-02 -1.603525103871249469e-01 9.371396716825168560e-02 8.403674448001538511e-02
4.577310157758180953e-01 -2.014918058206387752e-01 2.999999999999999889e-02 3.096927260009779692e-01 9.824069825904487019e-02 2.999999999999999889e-02 -9.384072651469931026e-02 -6.869776834707398694e-02 3.079647027701804679e-02 -9.407001939723779599e-03 -3.474711428949239962e-04 6.111162971017839590e-02
4.557519194878335012e-01 -2.094819388120624792e-01 2.999999999999999889e-02 3.607674659703680176e-01 1.031590022368522874e-01 2.999999999999999889e-02 -3.569662734347331390e-02 -1.092876797813501222e-01 2.999999999999999889e-02 3.528600420347467043e-02 -3.846619343234886079e-02 6.630276682361346818e-02
4.104439999965126540e-01 -2.193964368622214889e-01 2.999999999999999889e-02 5.421600977634170038e-01 -1.600361041246163019e-01 2.999999999999999889e-02 -4.907383020511212057e-02 -3.923597141852386977e-02 4.583546718357885824e-02 1.979130860961828831e-01 -7.833734611640823242e-02 2.999999999999999889e-02
4.117406943564353994e-01 -2.232852329390251356e-01 2.999999999999999889e-02 6.986916367753672752e-01 -2.593353419501956969e-01 2.999999999999999889e-02 8.994998465036223648e-03 -5.322646596460740842e-02 5.269868501604998978e-02 1.904817188594345179e-01 -6.949679405242860375e-02 2.999999999999999889e-02
5.151959536956361996e-01 -3.496419102762090003e-01 2.999999999999999889e-02 6.861803034437609083e-01 -2.507580332226293507e-01 2.999999999999999889e-02 1.925870477609445963e-01 -1.813244700278155153e-01 2.999999999999999889e-02 2.361052592718442533e-01 -3.684220430118990280e-02 3.760212767044668336e-02
5.342005964184225464e-01 -3.547816653305725376e-01 2.999999999999999889e-02 6.596877881889525730e-01 -2.726324965202521766e-01 2.999999999999999889e-02 2.550960411997327815e-01 -2.947498160382581167e-01 2.999999999999999889e-02 2.339626225381521152e-01 -2.845688944099611720e-02 4.478172314718339292e-02
6.878327509109131155e-01 -4.578240353078265601e-01 2.999999999999999889e-02 6.539030915929173737e-01 -2.710679913885749581e-01 2.999999999999999889e-02 2.837490051177307682e-01 -2.792602100714050017e-01 2.999999999999999889e-02 2.430807433046632826e-01 -1.623394231233952004e-02 4.612962061238941314e-02
8.361557175247207319e-01 -5.190967041341758570e-01 2.999999999999999889e-02 6.778071004973891256e-01 -2.615355436203577466e-01 2.999999999999999889e-02 2.978767321078889529e-01 -2.659364658478961529e-01 2.999999999999999889e-02 2.761038128046239826e-01 -5.681750005454225781e-03 4.680118087587165077e-02
8.197051834953249516e-01 -4.889034422073008090e-01 2.999999999999999889e-02 6.918312058483703231e-01 -2.323934522264609615e-01 2.999999999999999889e-02 3.098413799150238068e-01 -2.479894602866319908e-01 2.999999999999999889e-02 3.437976384792247875e-01 -6.900213181147660246e-02 3.901563887506061257e-02
8.252117643424403681e-01 -4.946198833589405264e-01 2.999999999999999889e-02 7.147885058338090403e-01 -2.302868332439928500e-01 2.999999999999999889e-02 3.299144804723118662e-01 -2.580348915061676518e-01 2.999999999999999889e-02 4.432293626664377539e-01 -1.467068078598303682e-01 3.699464063009962750e-02
8.086597219878753906e-01 -4.932931430607125911e-01 2.999999999999999889e-02 8.592127564111299298e-01 -3.352242100857348306e-01 2.999999999999999889e-02 4.798051216028860200e-01 -3.112974168048105450e-01 2.999999999999999889e-02 4.329118099517597629e-01 -1.455732311328240269e-01 4.820209433180236425e-02
9.145831175519549827e-01 -5.982698176279951374e-01 2.999999999999999889e-02 8.591892902370724672e-01 -4.261513265206730017e-01 3.249233770434403756e-02 5.038007925002736531e-01 -2.832517095840428878e-01 2.999999999999999889e-02 4.501595114824897270e-01 -1.219323478514123954e-01 5.756917459867753883e-02
9.646666715754961263e-01 -6.672019940107506430e-01 2.999999999999999889e-02 8.522503031096865245e-01 -4.289908041468618594e-01 3.117499794736468613e-02 5.115260988287073651e-01 -2.789973690362694270e-01 2.999999999999999889e-02 4.678745517415538457e-01 -1.269314375358927272e-01 5.895504260406198710e-02
9.282407204271475587e-01 -6.774380758693397953e-01 2.999999999999999889e-02 8.353499580427673488e-01 -4.334888672327161796e-01 2.999999999999999889e-02 5.077294073409684971e-01 -2.706925650041569487e-01 2.999999999999999889e-02 6.324420431124717634e-01 -1.894071602163238388e-01 2.999999999999999889e-02
9.001688670928488234e-01 -7.043228391927582877e-01 2.999999999999999889e-02 8.368566966391575157e-01 -4.598291181876226763e-01 3.176768696168448536e-02 5.487177968315813947e-01 -3.962850686753167651e-01 2.999999999999999889e-02 6.421295574444755294e-01 -1.826896415420972974e-01 2.999999999999999889e-02
8.792240741681193184e-01 -7.364599602089736408e-01 2.999999999999999889e-02 9.612924776858896569e-01 -6.113601009317990442e-01 2.999999999999999889e-02 6.265316380987597800e-01 -4.686801199664957784e-01 2.999999999999999889e-02 6.224856224552617334e-01 -1.713214255540147779e-01 2.999999999999999889e-02
8.564853645870943444e-01 -7.515091371317963453e-01 2.999999999999999889e-02 9.332527736046702938e-01 -6.290942014663344350e-01 2.999999999999999889e-02 6.281514446393650086e-01 -4.671606048177083803e-01 2.999999999999999889e-02 6.440155455889056135e-01 -1.852835769321241888e-01 2.999999999999999889e-02
8.268583602549298694e-01 -8.118941313764934664e-01 2.999999999999999889e-02 9.486240992361947288e-01 -6.178513167066871370e-01 2.999999999999999889e-02 5.693375941969536225e-01 -3.603608085086908441e-01 2.999999999999999889e-02 7.623981923326562660e-01 -3.677972287884255786e-01 2.999999999999999889e-02
7.505069001851404353e-01 -9.280540962436125696e-01 2.999999999999999889e-02 8.921288251116139545e-01 -7.945572961338582818e-01 3.215244752130200223e-02 5.497719813563122226e-01 -5.297612563998348456e-01 2.999999999999999889e-02 7.239645374362868591e-01 -4.597140956657995714e-01 5.646765426232502882e-02
5.053957328573477348e-01 -1.179154312592762821e+00 1.577153942352201854e-01 7.323113874614270991e-01 -1.146391271111993237e+00 2.999999999999999889e-02 4.918914758247362462e-01 -9.586326653189114477e-01 2.999999999999999889e-02 5.902870818464914793e-01 -5.429453635896167585e-01 2.999999999999999889e-02
6.774574600882585784e-01 -1.034836109008681060e+00 1.011125649118095049e-01 6.754247873679339875e-01 -1.109469079414253434e+00 2.999999999999999889e-02 8.179249672264770066e-01 -8.539032598973035348e-01 2.999999999999999889e-02 8.794456024252846893e-01 -8.786067817303342409e-01 5.000000000000023176e-02
5.511862864206598100e-01 -1.201300822651916844e+00 1.272532268089020258e-01 5.114762368413723337e-01 -1.281242165375234832e+00 1.583317545586665487e-01 7.605382957758248796e-01 -9.700451523438132773e-01 8.137514120509140025e-02 7.500776964813202774e-01 -1.122156342331772638e+00 5.148561452870587668e-02
2.349442814078082920e-01 -1.212142136393569603e+00 1.045986831254569899e-01 3.999707896069469859e-01 -1.427048858871871051e+00 2.295614814523651015e-01 7.198204411929890467e-01 -1.110800015881993286e+00 8.546052814514168428e-02 6.213084670579339663e-01 -1.344640553214956791e+00 2.999999999999999889e-02
1.755892248833558211e-01 -1.242000065663075636e+00 1.099474415271049915e-01 1.202354256499409968e-01 -1.386983358296564495e+00 1.615675503026388626e-01 5.822559065755957830e-01 -1.285292877376782661e+00 6.538083832353941416e-02 5.786354048132171801e-01 -1.449247580670830260e+00 3.506049511930290491e-02
1.691300667595288520e-01 -1.242360675880893828e+00 1.110015716260961960e-01 7.762186132300796793e-02 -1.391309456779082465e+00 1.149576370858692576e-01 5.120674628251645766e-01 -1.428902617912557460e+00 2.999999999999999889e-02 3.839236012934185149e-01 -1.605216299862968876e+00 3.996041033396428854e-02
1.651731900162300148e-01 -1.266412394720680235e+00 1.050839169503976489e-01 3.647000060596317095e-02 -1.372821772318672418e+00 9.684377516926087615e-02 4.494999375830420751e-01 -1.500378833818181601e+00 2.999999999999999889e-02 2.874275132186178694e-01 -1.566798123974584067e+00 4.767952372983476350e-02
1.264519213010135701e-01 -1.318303938271746967e+00 9.746933105218638649e-02 -1.383884961749683173e-01 -1.226518536566298945e+00 1.266883373774218557e-01 4.167588013465758912e-01 -1.541608716692838943e+00 2.999999999999999889e-02 2.772726909100103887e-01 -1.609951656136108467e+00 3.680533811358480817e-02
1.158891017556243491e-01 -1.326875075199710041e+00 9.336431957330790232e-02 -9.884372104630952116e-02 -1.183704604334115729e+00 9.502026954786087221e-02 3.572664053569906684e-01 -1.527846585721584161e+00 6.488045783025685187e-02 1.888759823107141744e-01 -1.553430478078401178e+00 2.999999999999999889e-02
-1.577933063012209106e-02 -1.191393420928761993e+00 7.009124042129333265e-02 -1.156404728152080480e-01 -1.188895384399806021e+00 9.872174839313420380e-02 3.227145013843422117e-01 -1.577824885699490531e+00 5.064410895990140854e-02 4.829468870247647511e-02 -1.444056995415452960e+00 2.999999999999999889e-02
-1.531209829532334810e-01 -8.997056978060730126e-01 1.147351109428330213e-01 -1.520063370806310488e-01 -1.215384910673565910e+00 8.364386249524402572e-02 2.755744987122250023e-01 -1.608029501615928725e+00 4.202907505196286364e-02 3.014023422860024476e-02 -1.464369072372541103e+00 2.999999999999999889e-02
-1.913683645996001326e-01 -8.139416792613171081e-01 6.012356513081848486e-02 -1.687374242820436354e-01 -1.192449326253974373e+00 1.104400602979553753e-01 7.367580080836583223e-02 -1.454809395778516201e+00 2.999999999999999889e-02 4.955376104953787900e-03 -1.538974342856588073e+00 2.999999999999999889e-02
-2.110521972977319749e-01 -7.824765517920634350e-01 9.579054430817557364e-02 -3.407041928529616626e-01 -1.038564036872026364e+00 5.336581770743800690e-02 9.627483833828871795e-02 -1.439306916727695285e+00 2.999999999999999889e-02 -2.127378616480672113e-01 -1.416009634676717255e+00 4.367968966073707687e-02
-2.197050235435682175e-01 -8.567233771635862638e-01 4.076941233673452708e-02 -3.806246195399091148e-01 -1.068558427957108536e+00 8.615162232643723550e-02 -1.132582284511160220e-01 -1.407565849653754642e+00 4.039809646016581657e-02 -2.615294317868684382e-01 -1.394924939113091567e+00 1.728859227811745392e-01
-3.047902725464275431e-01 -8.998884922171214162e-01 2.999999999999999889e-02 -5.643178353438399464e-01 -5.313836281603715461e-01 8.131718094150205967e-02 -4.317249967290539558e-01 -1.189284839595094123e+00 2.999999999999999889e-02 -5.118113050291419608e-01 -1.239453874527879140e+00 2.999999999999999889e-02
-4.421797222580746145e-01 -5.732982474808850926e-01 2.999999999999999889e-02 -6.008468173601808626e-01 -5.806308221946402393e-01 2.999999999999999889e-02 -4.885139076977073058e-01 -1.068738255186395314e+00 2.999999999999999889e-02 -6.927079268432635439e-01 -1.111253559072501229e+00 4.654965127554499399e-02
-4.385699010669749653e-01 -4.623702350557485907e-01 2.999999999999999889e-02 -6.505365824812588960e-01 -5.789471902624051536e-01 2.999999999999999889e-02 -5.300391423062592589e-01 -1.042961315372828546e+00 2.999999999999999889e-02 -7.159510989841834094e-01 -1.105568429318251056e+00 4.459230539056929787e-02
-4.192821389310824043e-01 -5.414902098248501883e-01 2.999999999999999889e-02 -6.465996934058833023e-01 -5.880842608079027700e-01 2.999999999999999889e-02 -5.605366652803845939e-01 -9.914695205525713151e-01 7.455863844633893456e-02 -7.871577441935251329e-01 -1.008064115435273189e+00 2.999999999999999889e-02
-5.033744908007226071e-01 -7.036754757113677927e-01 6.301381087266394454e-02 -5.627343236990041131e-01 -5.142975102129607734e-01 2.999999999999999889e-02 -7.208454790696727787e-01 -8.879161712189123090e-01 4.871602405049973994e-02 -8.184645576970736025e-01 -9.457555222549073326e-01 3.370428660611290983e-02
-5.898291034923351939e-01 -7.020730293194544780e-01 2.999999999999999889e-02 -6.646410870931391823e-01 -5.424239164914315126e-01 2.999999999999999889e-02 -6.381111125553385888e-01 -9.686842629452190323e-01 9.220676827213536431e-02 -8.728134157256836057e-01 -8.256104715028045327e-01 9.533223709926313960e-02
-6.105935259537259574e-01 -6.795307919877391356e-01 2.999999999999999889e-02 -6.377136461838376347e-01 -5.286681510246616922e-01 2.999999999999999889e-02 -7.334535274007308869e-01 -9.015815330014889106e-01 5.836021626418100294e-02 -9.651433184803561716e-01 -7.010226464065811847e-01 8.552431858141744392e-02
-6.767761025629780436e-01 -6.594275933778406262e-01 2.999999999999999889e-02 -5.929181947281408904e-01 -5.043191631031916922e-01 2.999999999999999889e-02 -8.072948279932543603e-01 -8.262364487210632769e-01 7.358638470579174917e-02 -9.900204556618162899e-01 -7.173660954576723814e-01 8.230331816970393177e-02
-6.960561019416657835e-01 -5.920178929363079101e-01 2.999999999999999889e-02 -5.664428768629981015e-01 -4.690329135917362668e-01 2.999999999999999889e-02 -9.579459647413547385e-01 -6.906112358179831157e-01 8.429270405038738478e-02 -1.041897362289055495e+00 -6.053317816035965748e-01 9.475936674083362821e-02
-6.485712678573309908e-01 -5.638298848716112310e-01 2.999999999999999889e-02 -7.210761071428812841e-01 -3.934305837715525445e-01 5.668617330909798274e-02 -9.599543024887484677e-01 -7.098329838979824391e-01 8.053531561607157885e-02 -1.060483033085736659e+00 -4.759061896446862283e-01 9.103541854502494868e-02
-6.288318877380731919e-01 -5.581573846276758344e-01 2.999999999999999889e-02 -7.271888799792530778e-01 -3.523364177497511074e-01 3.830567637742231940e-02 -9.503597516609083584e-01 -6.917327555294199293e-01 9.214766685282479997e-02 -1.078997777256853530e+00 -4.508651592887340520e-01 9.093955324201771773e-02
-6.293539813304510622e-01 -5.590208268163396887e-01 2.999999999999999889e-02 -7.540066946745630494e-01 -3.590550663921089347e-01 3.139492328700898421e-02 -9.977162199742612980e-01 -6.494385307566344911e-01 1.028067303229021068e-01 -1.088970859550842718e+00 -4.564495521707783721e-01 9.139551258893842400e-02
-6.238827113576137506e-01 -5.539677024996084720e-01 3.668914397966038798e-02 -7.633288107744378159e-01 -3.680741258059197496e-01 2.999999999999999889e-02 -1.035805506477205151e+00 -6.378807301348536907e-01 1.047022219862672743e-01 -1.109119189128282112e+00 -4.637348558958439004e-01 9.112838491103504579e-02
-6.731700265881813694e-01 -5.260804048764972096e-01 4.635366860325639687e-02 -7.746228258290790425e-01 -3.747271409809341258e-01 2.999999999999999889e-02 -1.048130269704548256e+00 -6.552493988184553420e-01 1.082095763234434127e-01 -1.098390605467584269e+00 -4.646755963278763057e-01 9.348576351443493859e-02
-6.935751855815959210e-01 -5.166374666220948653e-01 3.843389251720394362e-02 -7.641564841321408785e-01 -3.767087386960920048e-01 2.999999999999999889e-02 -1.055582322210915747e+00 -6.578856697850515856e-01 9.806307837950149764e-02 -1.094539602065903505e+00 -4.663235335767357270e-01 9.193205523366781984e-02
-6.803363442454113397e-01 -5.192494792835259387e-01 3.705562402204764377e-02 -7.623659010913134138e-01 -3.804361514203323802e-01 2.999999999999999889e-02 -1.046210834553593649e+00 -6.616329345988241073e-01 9.710061389112767394e-02 -1.109606477258116453e+00 -4.773287409091593880e-01 8.887762534569923489e-02
-6.772338798626365008e-01 -5.199733401002255562e-01 3.807898507140793087e-02 -7.476509000348824374e-01 -3.741430208932499113e-01 2.999999999999999889e-02 -1.043855818823000048e+00 -6.671079071537742156e-01 9.544684180851309430e-02 -1.094899413363534579e+00 -4.762560631603381389e-01 8.754905781638101792e-02
-6.676672414966159375e-01 -5.198461575927422196e-01 4.098085209207195240e-02 -7.329546481190205576e-01 -3.732117678224098345e-01 2.999999999999999889e-02 -1.029353515673103736e+00 -6.702562277830265147e-01 9.850834181434203751e-02 -1.087727721397063307e+00 -4.803473712865243272e-01 9.110171499809305296e-02
-6.519241337194131569e-01 -5.190812043026297173e-01 4.202855594216194784e-02 -7.130803374325771493e-01 -3.706301663752529785e-01 2.999999999999999889e-02 -1.017185302371855782e+00 -6.714796188152377665e-01 9.801370707494709567e-02 -1.073751544133312974e+00 -4.813392994895479560e-01 9.116982364412493101e-02
-6.335270724152404220e-01 -5.161080331615894856e-01 4.490725784681569993e-02 -6.946591699694593114e-01 -3.699055499874393527e-01 3.317685175633827699e-02 -1.004053592707566667e+00 -6.689585572771292732e-01 1.006137821368670582e-01 -1.056028822277710555e+00 -4.829751667139511317e-01 9.407445803864603051e-02
-6.000729353597408222e-01 -5.094426241018257251e-01 5.158073648751609203e-02 -6.630635836434166652e-01 -3.613745163757608458e-01 4.189515118649243114e-02 -9.713755811386919348e-01 -6.632281349597821674e-01 1.059339853579897017e-01 -1.030681795730493677e+00 -4.770842736099659143e-01 1.006053237186701338e-01
-5.590474459424995546e-01 -4.958696384398070811e-01 5.850426301281214103e-02 -6.319049537823412388e-01 -3.552332244568583985e-01 4.566216928983325707e-02 -9.405667714630556731e-01 -6.587141764678514644e-01 1.132375857574872552e-01 -9.945061807235830997e-01 -4.757420904989327903e-01 1.022342047194150644e-01
-5.353500241494555389e-01 -4.896019323549388735e-01 6.000760915763617143e-02 -5.997119948345976947e-01 -3.490839660969747293e-01 5.287198662090426132e-02 -9.082425646800224017e-01 -6.441841617661187014e-01 1.142689868119688423e-01 -9.754155471955453516e-01 -4.747619572393778631e-01 1.061257715770184962e-01
-5.095096881276632850e-01 -4.884040261411516370e-01 5.985538128215053127e-02 -5.776273917047481943e-01 -3.461544748614250322e-01 5.000000000000028727e-02 -8.844813393203666552e-01 -6.444434855269887130e-01 1.118542694475936766e-01 -9.592981781958499488e-01 -4.774378190291145851e-01 1.001873633411632936e-01
-4.720890130964663922e-01 -4.727193928059481021e-01 7.077413721733394336e-02 -5.611099515360161716e-01 -3.405310762861310514e-01 5.602454206288536021e-02 -8.656283215474858128e-01 -6.382237466017052219e-01 1.179094786217116247e-01 -9.350523838912104813e-01 -4.722692207511742790e-01 1.038766308115772752e-01
-4.596355582608555035e-01 -4.713385388815231614e-01 7.020710805790908449e-02 -5.436157612303322839e-01 -3.347939155624977681e-01 5.964344416240785485e-02 -8.461320298347809743e-01 -6.357927156896688858e-01 1.172466797689549339e-01 -9.098914864062347396e-01 -4.623461525550521256e-01 1.038989490156668194e-01
-4.360159525815591741e-01 -4.623368385617169785e-01 7.500531526332836207e-02 -5.268054188442123920e-01 -3.301937861937154772e-01 6.426291608474746231e-02 -8.233520654888515367e-01 -6.307616856489811630e-01 1.236202646231491231e-01 -8.972555889795265083e-01 -4.598549008358843171e-01 1.169777745207656872e-01
-4.165312615132333862e-01 -4.531628744322908076e-01 7.945843739565894293e-02 -5.099984607232513900e-01 -3.211800597470571006e-01 6.356250768459037470e-02 -8.040512563671268209e-01 -6.224750763053623626e-01 1.231005462956557550e-01 -8.886087602754121351e-01 -4.548041487178554609e-01 1.136369357836552046e-01
-3.907737142239381956e-01 -4.414830728089375045e-01 8.180345180615655742e-02 -4.839674311993774070e-01 -3.062789041922102107e-01 7.162783819508586336e-02 -7.782564643225966527e-01 -6.118976754804205109e-01 1.277527357521670293e-01 -8.572053831471997398e-01 -4.377537981915947674e-01 1.198275334307545570e-01
-3.759106017355641205e-01 -4.372825345637893490e-01 8.615082155973445566e-02 -4.677553128590785647e-01 -3.035271368404265924e-01 7.650353809181145714e-02 -7.686755124745111578e-01 -6.073646967895144355e-01 1.304410764416587543e-01 -8.439267835508178495e-01 -4.360894077096510446e-01 1.216435301261129254e-01
-3.582866939156972297e-01 -4.264793128343950523e-01 9.249326869473808999e-02 -4.529382089080217222e-01 -2.928200797070624750e-01 8.049439695810911566e-02 -7.489898138025214980e-01 -5.938175634474496256e-01 1.288452974820258612e-01 -8.330845368229028436e-01 -4.295196338020789151e-01 1.256043074465932052e-01
-3.499128069635266125e-01 -4.209568183994140678e-01 9.287937156685388551e-02 -4.406979638401217758e-01 -2.870863446721149126e-01 8.341817450332296435e-02 -7.287519298172761006e-01 -5.943414768316314101e-01 1.284523812846773694e-01 -8.099286985139225736e-01 -4.203391795666275299e-01 1.276739514184832003e-01
-3.387010961047982605e-01 -4.153107213909718598e-01 9.424471867323588881e-02 -4.324052746262393998e-01 -2.837182758220835876e-01 8.475767131099382068e-02 -7.185466216777800508e-01 -5.914932083881661029e-01 1.293969943040524928e-01 -8.014040761959848602e-01 -4.178294820016543176e-01 1.290419515903707404e-01
-3.363064184655197852e-01 -4.146040455225206145e-01 9.188457324823777472e-02 -4.276716298163878993e-01 -2.810389756383568360e-01 8.291888039913232478e-02 -7.106914081295596652e-01 -5.929280642639612742e-01 1.271421723527422776e-01 -7.951152817868168965e-01 -4.175963504635493151e-01 1.278305189066454017e-01
-3.412685595539508565e-01 -4.155909402387033547e-01 8.759096789843814901e-02 -4.298857888157332496e-01 -2.800872613683562107e-01 7.877166143174182955e-02 -7.128984022181839020e-01 -5.920475233032352902e-01 1.246581196278411380e-01 -8.007578789945906106e-01 -4.187875723922477311e-01 1.255467957517288902e-01
-3.422724602339231037e-01 -4.124300542341822751e-01 8.369943958056541566e-02 -4.319622706300442205e-01 -2.753232988956143545e-01 7.536195474208358391e-02 -7.149954825002257097e-01 -5.890506124687845402e-01 1.211876878499818372e-01 -8.017245378204049810e-01 -4.109837093099459882e-01 1.226926952605827820e-01
-3.371264175859222667e-01 -4.098696667180097286e-01 7.875761342518122765e-02 -4.386134518732691112e-01 -2.775300062599877493e-01 6.700745660320549246e-02 -7.101530092249160875e-01 -5.850548767762441260e-01 1.174850092758027847e-01 -8.087308039479181865e-01 -4.127434391202616792e-01 1.140948900685538198e-01
-3.507117752399441790e-01 -4.151443685044681753e-01 7.101165303682678565e-02 -4.628846497893915890e-01 -2.891368505516531129e-01 5.723426764761134489e-02 -7.215648262062704932e-01 -5.940057273970553720e-01 1.075848430402602668e-01 -8.224235056162302326e-01 -4.206966549966947300e-01 1.063647782114617579e-01
-3.607156795250089365e-01 -4.206501792089714642e-01 6.514773474648075102e-02 -4.800224540369655846e-01 -2.969153870516062499e-01 4.889903250176336202e-02 -7.336362026742760944e-01 -6.006297218368635837e-01 1.014651780109057794e-01 -8.246476608530330932e-01 -4.215059583476511440e-01 9.871775019537668006e-02
-3.689731162741660686e-01 -4.547811643162574802e-01 9.054041168735371681e-02 -4.928765904505372775e-01 -2.973567383965646793e-01 4.200706014912490571e-02 -7.598526626959722918e-01 -6.030889095197052852e-01 9.654853913948643895e-02 -8.164562725927086984e-01 -4.153500367181474084e-01 1.007782796321497892e-01
-4.087023430021517467e-01 -5.392321230204129012e-01 1.422138409142454929e-01 -4.959959868149206863e-01 -2.996146847048222206e-01 3.922859840982710622e-02 -8.528830196617347426e-01 -5.192845427722891927e-01 1.006992068320229083e-01 -8.106299033066498572e-01 -4.164833892048716568e-01 1.058426596887836607e-01
-4.506193422785862435e-01 -5.249441396378328184e-01 1.043748527931181724e-01 -5.049177416586339007e-01 -3.000391616151061314e-01 3.529396011853704052e-02 -9.052376052566801778e-01 -4.891721565847094721e-01 6.468363792832695913e-02 -8.398872608056152655e-01 -4.045771038734778946e-01 1.017150548215988298e-01
-5.006503227981172754e-01 -5.159653052322497047e-01 6.899005247019973641e-02 -5.116452431329228112e-01 -2.989700561579303195e-01 3.245940533754076290e-02 -9.034599949588905110e-01 -4.671435234089168498e-01 5.661898291402259198e-02 -8.693255352518751700e-01 -3.735606341209846692e-01 9.121527684459172780e-02
-5.246846482794524924e-01 -5.238102260032603263e-01 6.687828067918513697e-02 -5.325127040206868445e-01 -3.071998838968680312e-01 2.999999999999999889e-02 -8.801879445996794171e-01 -4.614275969938961275e-01 5.735687349786081773e-02 -8.881805816146453036e-01 -2.241665198252991154e-01 7.474214782611650343e-02
-5.526027350062338028e-01 -5.382125790229925766e-01 7.063630373571944121e-02 -5.453824812622786178e-01 -3.134601677152764609e-01 2.999999999999999889e-02 -8.966321231074430020e-01 -4.600875843739327120e-01 5.076327094179007571e-02 -8.924891059083902567e-01 -1.702233911784920006e-01 6.259838828052415038e-02
-5.682438492931776164e-01 -5.449212624788321024e-01 7.959456998117488136e-02 -5.556284025339356392e-01 -3.131802732615741602e-01 2.999999999999999889e-02 -9.064772459662621129e-01 -4.322469226139148968e-01 6.498644066437835043e-02 -8.813387387010451768e-01 -1.674937459498196946e-01 6.358751122684629109e-02
-5.801872911629442076e-01 -5.490126729890295598e-01 1.018934259601980974e-01 -5.508634871213808903e-01 -3.066586378719075023e-01 2.999999999999999889e-02 -9.196166522682295286e-01 -3.823975451028438499e-01 5.435575338209796409e-02 -8.822594621483733635e-01 -1.652131093601235390e-01 5.901859331271586129e-02
-5.906678516961555436e-01 -5.480667981200805228e-01 9.258375257246673207e-02 -5.525322270199081176e-01 -2.974669891639809549e-01 2.999999999999999889e-02 -9.481315933193781298e-01 -2.373669789715885936e-01 3.026772201699287623e-02 -8.419441621807953746e-01 -1.621457932826117776e-01 7.441549864662175273e-02
-5.969252570816290238e-01 -5.767527135183577736e-01 1.403825975789352309e-01 -5.512549187621470503e-01 -2.985458469106749835e-01 2.999999999999999889e-02 -9.166067993196964636e-01 -2.410964533676599464e-01 3.432912230851331570e-02 -8.427265542559271294e-01 -9.074231537786107971e-02 6.711977670333560408e-02
-6.313864034430627381e-01 -6.084116771577844363e-01 2.243377123963318787e-01 -5.693652997034239771e-01 -3.059443779089474624e-01 2.999999999999999889e-02 -8.729059674539729752e-01 -2.290476767845003592e-01 4.628793991049008627e-02 -7.805231248179371750e-01 9.662090522229001277e-03 4.193365667104730077e-02
-5.938708714903707664e-01 -6.255633601237169383e-01 2.257168534474851551e-01 -5.453826079222439116e-01 -2.953107583887674137e-01 2.999999999999999889e-02 -8.385121378986525320e-01 -2.069948293856696819e-01 5.281786979724815978e-02 -7.658602942064800523e-01 2.157872593120381544e-02 4.108723306692680516e-02
-5.774835625336054434e-01 -5.436992156054583081e-01 1.222385268931849150e-01 -5.006759836010494791e-01 -2.741469049522098911e-01 2.999999999999999889e-02 -8.349353947488631356e-01 -1.700622027272029602e-01 6.619473920826415836e-02 -7.711964130657528171e-01 2.063819295548815352e-02 3.976650078068622030e-02
-5.959842524347686021e-01 -4.230936106641211558e-01 4.911348528134497349e-02 -4.670934423961607962e-01 -2.583131248573087846e-01 3.710698427292156987e-02 -8.358065311336798642e-01 -1.207633232585818700e-01 6.611221775980419268e-02 -7.821890734682898083e-01 1.589419883425688407e-02 3.799261959512684195e-02
-5.856666380250294957e-01 -4.253523350369378120e-01 4.785850290370197158e-02 -4.655704066830200771e-01 -2.582013683261155657e-01 3.766167127847736690e-02 -8.263102962727222334e-01 -1.189032286774646258e-01 6.601809357131037392e-02 -7.696587227348898885e-01 2.023858903705018017e-02 3.997451220371196767e-02
-5.780834373431944506e-01 -4.254664956107284679e-01 4.781871221777438813e-02 -4.604937915611019839e-01 -2.557235211032943267e-01 4.007741426393360284e-02 -8.215399758416167542e-01 -1.202085723186114147e-01 6.876831657082506377e-02 -7.688352692779027997e-01 2.108828350313061289e-02 4.055399323525124555e-02
-5.735739979254766974e-01 -4.235895699037753315e-01 4.972934694311702264e-02 -4.490556774986271260e-01 -2.493663871058141301e-01 3.872218657734356057e-02 -8.200932559509251929e-01 -1.188513202344589625e-01 6.953555157297790223e-02 -7.648844555560343483e-01 2.316771084044723025e-02 4.302987860774575707e-02
-5.637952881774322966e-01 -4.231470029493510920e-01 5.353803292798162833e-02 -4.456817858402275512e-01 -2.458922303490220784e-01 4.019328071189971763e-02 -8.209461585612144452e-01 -1.171953755684831122e-01 6.675451122991694908e-02 -7.694095365261854891e-01 2.215858329612296895e-02 3.925423939070350754e-02
-5.595465573204426724e-01 -4.190360306729646878e-01 5.254712681944686409e-02 -4.469584646498273584e-01 -2.489424189964092593e-01 4.085458528985685261e-02 -8.154912362778197199e-01 -1.192487514400592946e-01 6.455892261481911698e-02 -7.633155453468505325e-01 2.361752946769138037e-02 4.034148154956802845e-02
-5.481537734137111872e-01 -4.154361879720286921e-01 5.562108639245517960e-02 -4.537811103095990006e-01 -2.530435131401774229e-01 3.820608630398313749e-02 -8.119698254830547413e-01 -1.190895160125893942e-01 6.633577493948727977e-02 -7.684243799859308277e-01 2.300961981521100139e-02 3.797398922298676066e-02
-5.403660450931686565e-01 -4.478237154340531379e-01 6.575221903666496337e-02 -4.644836295309424101e-01 -2.510879310126269970e-01 3.808311707901452375e-02 -7.968378794963636436e-01 -1.111043358832805306e-01 7.258174266562042454e-02 -7.600456527140186935e-01 2.435743505962971803e-02 4.512276885571409046e-02
-5.244999739965866548e-01 -4.763751561121032374e-01 8.617305187980944803e-02 -4.616671437710954118e-01 -2.514296343224377006e-01 4.151317932902970353e-02 -8.016728705228369778e-01 -1.163969918002008830e-01 7.503094743061980432e-02 -7.558964880157460486e-01 2.713880381784344875e-02 4.885823058964048476e-02
-5.282532623819091722e-01 -4.172640145764235364e-01 6.195812780962635380e-02 -4.531779135514601986e-01 -2.487552731411163398e-01 4.298703029055930130e-02 -8.053013138337754562e-01 -1.144068948859245510e-01 7.333325972426828210e-02 -7.540464797346749792e-01 2.499113698984264248e-02 4.979507834188506843e-02
-5.357023787954855454e-01 -3.848073624263843029e-01 5.068031554158115154e-02 -4.498050103773513220e-01 -2.493596834120505867e-01 4.331963539416829045e-02 -8.082836774658733736e-01 -1.187912397963204192e-01 7.198915246689284453e-02 -7.594572198450018075e-01 2.585376838911834438e-02 4.830521843883214123e-02
-5.307812678742735990e-01 -3.805691138889123470e-01 5.006131720908604116e-02 -4.544485006815670580e-01 -2.537792728885384652e-01 4.093518555375145335e-02 -8.068130764259319188e-01 -1.177884260506641689e-01 6.857126136357581669e-02 -7.600634711276329503e-01 2.419353118376104186e-02 4.384585831285749830e-02
-5.275277094616621643e-01 -3.727948140822117118e-01 4.834161007006611971e-02 -4.477270249626673637e-01 -2.502910516104568384e-01 4.364090209766080530e-02 -8.031483251708830817e-01 -1.205923318433069907e-01 6.700017497396532073e-02 -7.649468523336226955e-01 2.297275904331590526e-02 4.347269803776684927e-02
-5.301993816621368705e-01 -3.680790963773388214e-01 4.796830746992158945e-02 -4.380366819514018850e-01 -2.483404695265051809e-01 4.463983451302071248e-02 -7.994700433066290746e-01 -1.171870198999388213e-01 6.984350953741977341e-02 -7.595817004693821151e-01 2.493916100543948702e-02 4.498505742698478277e-02
-5.325065144247785875e-01 -3.686230111341294857e-01 5.200865466871699289e-02 -4.343771351550270166e-01 -2.473192954253741194e-01 4.466674349712454473e-02 -7.973356831402461653e-01 -1.127953059876506264e-01 6.819762359835845889e-02 -7.585304457924223476e-01 2.608330586256710215e-02 4.632938579303499255e-02
-5.299160669679828795e-01 -3.754860752200915308e-01 5.189596430774053026e-02 -4.312054849651840716e-01 -2.473796537456645905e-01 4.646278844106230266e-02 -8.000237342757507975e-01 -1.154838119757116838e-01 6.920600972475923762e-02 -7.606378844692679442e-01 2.374109771674482242e-02 4.739177412714040000e-02
-5.244525070321700566e-01 -3.723828113907060033e-01 5.210599919864977725e-02 -4.345376932423394845e-01 -2.466122620466408843e-01 4.808936914849547967e-02 -8.069041032557250359e-01 -1.180012374495121447e-01 7.051125199731064774e-02 -7.627690407861833499e-01 2.244919238560958916e-02 4.675130931768107373e-02
-5.242503596448815362e-01 -3.734571394904854236e-01 5.461463459590335662e-02 -4.340772308344840180e-01 -2.465318911182042827e-01 4.855448534154095663e-02 -8.070973484169639001e-01 -1.169029106394628287e-01 7.197115112680760318e-02 -7.635685676377365061e-01 2.004890218280348108e-02 4.522320124061919577e-02
-5.296538642467799596e-01 -3.794150342278294619e-01 5.298053156191994545e-02 -4.384237147381703226e-01 -2.517735760968766168e-01 4.498479050726640616e-02 -8.039766335365298167e-01 -1.188421196441599159e-01 6.873776885817513282e-02 -7.671534150837103772e-01 1.870221590992885916e-02 4.398337646514169363e-02
-5.307814288721690588e-01 -3.862939731405867216e-01 4.738931396906946591e-02 -4.451930499251998130e-01 -2.558214388876573486e-01 4.382448197128586270e-02 -8.092173291597848372e-01 -1.218565972529941505e-01 7.129940368901335757e-02 -7.681471603042633323e-01 1.507658636935201371e-02 4.323279197589418449e-02
-5.070999223606845741e-01 -5.291371387809904459e-01 1.170193762488792033e-01 -4.634293255355402819e-01 -2.677414155105507509e-01 3.816639978364312624e-02 -7.929413378862002482e-01 -1.230948120949461322e-01 7.434659172970210783e-02 -7.605933965999399637e-01 1.430051194717419857e-02 4.430833881395339346e-02
-4.402291251569003805e-01 -6.310488912416551965e-01 1.645601477849124583e-01 -4.623724607602753278e-01 -2.740680253130119981e-01 3.632388559408594036e-02 -8.000502423097959337e-01 -1.273254021837761096e-01 7.113976076968411832e-02 -7.601337681599386054e-01 9.809984157844507321e-03 4.293341972207490032e-02
-4.020697466916192675e-01 -6.553250116587865381e-01 1.237083414943501158e-01 -4.665375425775913354e-01 -2.823744550257569208e-01 3.469607340476404261e-02 -8.124220421334067410e-01 -1.294040641279892434e-01 6.953079359373379176e-02 -7.824364611341664277e-01 1.258440248671644900e-03 3.869309315997023629e-02
-3.913628579084679204e-01 -6.353810527484293758e-01 7.184059355325989049e-02 -4.708713750050700364e-01 -2.807319228309031467e-01 3.307033592246829551e-02 -8.211842925044383623e-01 -1.360440867643535334e-01 6.728870956586521790e-02 -7.980928894644017113e-01 -4.395786666540376329e-03 3.199419234084598107e-02
-4.107113686964923849e-01 -6.073775368881138004e-01 7.352345450149595785e-02 -4.754581136110283546e-01 -2.860740918703722491e-01 3.508053882184834077e-02 -8.229400699788445017e-01 -1.404515472323652481e-01 6.885840378727713096e-02 -8.057391197017187423e-01 -9.698131888744725843e-03 3.536455641734902872e-02
-4.236879174082558985e-01 -5.893232652738173982e-01 6.921465953816058336e-02 -4.695570651671594486e-01 -2.866163680628162624e-01 3.306572859239322731e-02 -8.156961931299813173e-01 -1.452065076258838572e-01 6.185594143922280852e-02 -8.047652166579465360e-01 -1.371036012899102922e-02 3.430484026994518043e-02
-4.234557480587087253e-01 -5.782559530344796306e-01 6.708531683135085522e-02 -4.681516938161371377e-01 -2.885396645721968745e-01 3.291902253217945246e-02 -8.139832452050911327e-01 -1.454660679585486338e-01 6.477294572650130200e-02 -7.929142680748895167e-01 -5.636391391564555230e-03 3.128661949685447585e-02
-4.257726821387775029e-01 -5.551630261342682671e-01 6.786765734999042343e-02 -4.662879776063800219e-01 -2.895078474551766035e-01 3.360785827661179337e-02 -8.150406576702440287e-01 -1.479359092196955439e-01 6.720747554132902590e-02 -7.867076393691061487e-01 -5.699701083586227943e-03 2.999999999999999889e-02
-4.414068544751866829e-01 -5.306484198490358795e-01 8.900124600274485209e-02 -4.650468382833667369e-01 -2.907358732148762615e-01 3.031148231510295832e-02 -8.325291329247833660e-01 -1.526914490442812522e-01 6.484710829874251736e-02 -7.664298881491188320e-01 -4.526071906789314210e-03 2.999999999999999889e-02
-4.741081003998753873e-01 -5.278945174296675313e-01 1.261695490224774285e-01 -4.645779273316145708e-01 -2.928761178283997846e-01 3.061908366161559744e-02 -8.248919646241955617e-01 -1.520372226635274271e-01 6.340013697543567250e-02 -7.558754672535720198e-01 -7.125741039865541963e-03 3.028850902326468350e-02
-4.684132126267227525e-01 -5.162435736719601653e-01 1.138734358334958091e-01 -4.580626546823267642e-01 -2.931751317017135539e-01 2.999999999999999889e-02 -8.339835071481959128e-01 -1.530008298312765802e-01 5.899605727427769536e-02 -7.778199372300687031e-01 -1.189028736811213044e-02 3.405281221656917406e-02
-4.478621955068010640e-01 -4.900319073583496721e-01 6.789748302802357804e-02 -4.618223306009950901e-01 -2.890063960040422097e-01 3.184612852165660812e-02 -8.480447101750087091e-01 -1.608317263061333213e-01 5.573528262650336712e-02 -8.065688232609112829e-01 -1.387753229431916771e-02 2.999999999999999889e-02
-4.657328085271202345e-01 -4.466534270209963631e-01 2.999999999999999889e-02 -4.538723332187874493e-01 -2.834248309209424499e-01 3.979288002784499290e-02 -8.614780747046750786e-01 -1.702318717964623751e-01 4.884181152650766272e-02 -8.273515029487805705e-01 -1.726945258382439966e-02 2.999999999999999889e-02
-4.784677250300658491e-01 -4.303068902783148686e-01 2.999999999999999889e-02 -4.157061952759008028e-01 -2.878426787232166162e-01 3.987202397416973743e-02 -8.733970699543820437e-01 -1.760249962855171268e-01 4.426219476824298782e-02 -8.081176747906436697e-01 -1.682902739426321223e-02 2.999999999999999889e-02
-4.818969784633823639e-01 -4.277708952384302599e-01 2.999999999999999889e-02 -4.299878568271920387e-01 -2.987373640500413097e-01 3.129701600629559988e-02 -8.921819178975517461e-01 -1.892037535073065602e-01 3.647447719036051722e-02 -8.026937893646848288e-01 -1.887442510051317787e-02 2.999999999999999889e-02
-4.915765128436379583e-01 -4.164448262193317651e-01 2.999999999999999889e-02 -4.209044371512133398e-01 -3.022973637545348646e-01 3.168788763595723618e-02 -8.906200355447300154e-01 -1.913853948790504300e-01 3.392818614739237515e-02 -7.834198548467037337e-01 -1.826019362356790660e-02 2.999999999999999889e-02
-4.765330954127231511e-01 -4.108625952806198578e-01 2.999999999999999889e-02 -4.183302088686178810e-01 -3.177135646233470445e-01 3.590836301610015463e-02 -8.850597094990200198e-01 -1.918552662923268537e-01 3.813576025873758463e-02 -7.843464517341737219e-01 -2.579538573305394447e-02 2.999999999999999889e-02
-4.572237822818070452e-01 -4.113553471334894795e-01 2.999999999999999889e-02 -4.320528437690744350e-01 -2.968376016118151606e-01 3.470694511834963858e-02 -8.762473467314428888e-01 -2.028502957764410086e-01 3.949931642211251814e-02 -7.904866963048073902e-01 -3.364672055115019295e-02 2.999999999999999889e-02
-4.546444327577086053e-01 -4.218109779234496259e-01 2.999999999999999889e-02 -4.324439636292940481e-01 -2.766935414462584064e-01 2.999999999999999889e-02 -8.714768967995558668e-01 -2.087601592381620741e-01 3.356986047942091267e-02 -7.868335003588696752e-01 -4.174384141637443868e-02 2.999999999999999889e-02
-4.403742091738296893e-01 -4.179420399985266377e-01 2.999999999999999889e-02 -4.333634483821514061e-01 -2.829328686571636053e-01 2.999999999999999889e-02 -8.612971852672395290e-01 -2.103767895461961523e-01 3.450938640633089555e-02 -7.871200194234352354e-01 -4.780717708354533663e-02 2.999999999999999889e-02
-4.365833099118812677e-01 -4.173055663631106138e-01 2.999999999999999889e-02 -4.335424926575396354e-01 -2.857216346149776820e-01 2.999999999999999889e-02 -8.584167234882713604e-01 -2.127406426040156784e-01 3.315714842064190759e-02 -7.861941442817593773e-01 -5.156491393172229348e-02 2.999999999999999889e-02
-4.321999364719318892e-01 -4.208988541652012860e-01 2.999999999999999889e-02 -4.228973469810475283e-01 -2.850246299545516337e-01 2.999999999999999889e-02 -8.457967165205596549e-01 -2.116419097979325148e-01 3.283871754210103411e-02 -7.757356549353628949e-01 -5.117540634124838339e-02 2.999999999999999889e-02
-4.314495621170091333e-01 -4.227557559665210962e-01 2.999999999999999889e-02 -4.191557429632551957e-01 -2.866843404190541067e-01 2.999999999999999889e-02 -8.416141513495951632e-01 -2.160099660283786305e-01 3.540358670340343350e-02 -7.663037763900643062e-01 -5.140646862538836986e-02 2.999999999999999889e-02
-4.240692116224464847e-01 -4.193568580177325367e-01 2.999999999999999889e-02 -4.136027895283129752e-01 -2.883362599859341513e-01 2.999999999999999889e-02 -8.324548519216948828e-01 -2.137079499370186653e-01 3.796677475550040703e-02 -7.607906788095565309e-01 -5.207996282279973160e-02 2.999999999999999889e-02
-4.148794300966385795e-01 -4.120320352756799420e-01 2.999999999999999889e-02 -4.103439922452926103e-01 -2.837768524330628317e-01 2.999999999999999889e-02 -8.299134393584284286e-01 -2.098845189015422497e-01 3.739103169245694414e-02 -7.597677079456914839e-01 -5.093013184913117164e-02 2.999999999999999889e-02
-4.133846030144795458e-01 -4.123463438386949509e-01 2.999999999999999889e-02 -4.070562380992140961e-01 -2.855402093896072246e-01 2.999999999999999889e-02 -8.255288696766595047e-01 -2.072321359295478671e-01 3.617166793440553668e-02 -7.514225246432300054e-01 -5.080746273729728341e-02 2.999999999999999889e-02
-4.066521764599931310e-01 -4.102002901965501880e-01 2.999999999999999889e-02 -4.043573659226485373e-01 -2.840348346614501307e-01 2.999999999999999889e-02 -8.195509082000791423e-01 -2.066054409387807766e-01 3.344367739204501949e-02 -7.515551380263569836e-01 -4.943199636515280271e-02 2.999999999999999889e-02
-4.056064818353348200e-01 -4.127290105102329743e-01 2.999999999999999889e-02 -4.004208633050599375e-01 -2.859389640950757983e-01 2.999999999999999889e-02 -8.161285984538173555e-01 -2.067645786386164142e-01 3.275460309244360158e-02 -7.495368990607224058e-01 -4.904602471223642318e-02 2.999999999999999889e-02
-4.071975274296162350e-01 -4.167688288524464824e-01 2.999999999999999889e-02 -3.979309672310624157e-01 -2.844734153976603563e-01 2.999999999999999889e-02 -8.111045121471233132e-01 -2.090087471020031507e-01 3.374211520714336110e-02 -7.480555901920643569e-01 -5.087768422820523884e-02 2.999999999999999889e-02
-4.117919805727229821e-01 -4.189337976575611688e-01 2.999999999999999889e-02 -4.003889881482001756e-01 -2.839558754029022913e-01 2.999999999999999889e-02 -8.118316732018269200e-01 -2.119473992653718997e-01 3.454903678418727586e-02 -7.490529904187197552e-01 -4.909300178760656053e-02 2.999999999999999889e-02
-4.145405764501909895e-01 -4.186533022319400832e-01 2.999999999999999889e-02 -4.012604898754181248e-01 -2.859274293017315394e-01 2.999999999999999889e-02 -8.159402378404970735e-01 -2.101163699910094107e-01 3.468125731206921081e-02 -7.515253749898597180e-01 -4.873715191983872541e-02 2.999999999999999889e-02
-4.097348035731345206e-01 -4.177977097525764072e-01 2.999999999999999889e-02 -4.011922329908118035e-01 -2.894270287333974290e-01 2.999999999999999889e-02 -8.230623771529800292e-01 -2.092438926399442234e-01 3.483392017340588426e-02 -7.649428335665924283e-01 -5.610512297508774698e-02 2.999999999999999889e-02
-4.285839653556019480e-01 -4.264417181636892540e-01 2.999999999999999889e-02 -4.042157448135012543e-01 -2.879814645171135390e-01 2.999999999999999889e-02 -8.358739754048239989e-01 -2.201651292637259727e-01 3.054434108943684251e-02 -7.808201188259088488e-01 -6.135340513787296279e-02 2.999999999999999889e-02
-4.439308436879039199e-01 -4.350492727920950431e-01 2.999999999999999889e-02 -4.205499834827274852e-01 -2.940296478438236272e-01 2.999999999999999889e-02 -8.467566858964392651e-01 -2.218524016946590849e-01 2.999999999999999889e-02 -7.747748767630212585e-01 -6.141985174396004388e-02 2.999999999999999889e-02
-4.474078803861514242e-01 -4.389398808740925251e-01 2.999999999999999889e-02 -4.319823037070192329e-01 -2.984596781005442456e-01 2.999999999999999889e-02 -8.589867341783126165e-01 -2.262134646668976790e-01 2.999999999999999889e-02 -7.851258146189241671e-01 -6.329317194820717474e-02 2.999999999999999889e-02
-4.445638881842531309e-01 -4.384018207183433824e-01 2.999999999999999889e-02 -4.310208188366252968e-01 -3.008921326924111628e-01 2.999999999999999889e-02 -8.622248586483508559e-01 -2.311340783426091561e-01 2.999999999999999889e-02 -7.892452685999977735e-01 -6.996108437090346743e-02 2.999999999999999889e-02
-4.408097100078133268e-01 -4.364582632350213487e-01 2.999999999999999889e-02 -4.385345757703895120e-01 -3.031538994364955109e-01 2.999999999999999889e-02 -8.679144152212419083e-01 -2.307466864800214179e-01 2.999999999999999889e-02 -7.960672763700858967e-01 -6.949968781164998777e-02 2.999999999999999889e-02
-4.328806843989472242e-01 -4.359551388594981591e-01 2.999999999999999889e-02 -4.315696258500374416e-01 -3.053353987520662227e-01 2.999999999999999889e-02 -8.662131507199785085e-01 -2.340552131193502083e-01 2.999999999999999889e-02 -7.911535501194069120e-01 -7.380778989547012725e-02 2.999999999999999889e-02
-4.278139127816227849e-01 -4.356272089203819253e-01 2.999999999999999889e-02 -4.249351453949056223e-01 -3.051681247880542736e-01 2.999999999999999889e-02 -8.597394893323844212e-01 -2.354474020714548699e-01 2.999999999999999889e-02 -7.882870659194635143e-01 -7.368596484228168153e-02 2.999999999999999889e-02
-4.215328716127537123e-01 -4.358392452124953964e-01 2.999999999999999889e-02 -4.230097709703997677e-01 -3.060060422649542033e-01 2.999999999999999889e-02 -8.590892694283155384e-01 -2.352564111275583236e-01 2.999999999999999889e-02 -7.852524988202138623e-01 -7.606947769740970977e-02 2.999999999999999889e-02
-4.229182073522524954e-01 -4.390697093082993607e-01 2.999999999999999889e-02 -4.265139802328095087e-01 -3.095981590661416871e-01 2.999999999999999889e-02 -8.663669569204101029e-01 -2.375708055927814033e-01 2.999999999999999889e-02 -7.876011306175152438e-01 -7.869526598274839690e-02 2.999999999999999889e-02
-4.216341979722565414e-01 -4.410395756108291820e-01 2.999999999999999889e-02 -4.261716814667889652e-01 -3.100192557087186884e-01 2.999999999999999889e-02 -8.645437369656647775e-01 -2.397904286350100445e-01 2.999999999999999889e-02 -7.847081137308407062e-01 -7.721501052652929298e-02 2.999999999999999889e-02
-4.192052897375868059e-01 -4.380665916942781402e-01 2.999999999999999889e-02 -4.239821507328316308e-01 -3.079853384388688831e-01 2.999999999999999889e-02 -8.649654950719787294e-01 -2.409523832714658698e-01 2.999999999999999889e-02 -7.884604679602875699e-01 -7.746004620474424007e-02 2.999999999999999889e-02
-4.177682007081466864e-01 -4.385702010308222265e-01 2.999999999999999889e-02 -4.194609531471207853e-01 -3.055421999532263455e-01 2.999999999999999889e-02 -8.620104128948703481e-01 -2.378545256609183589e-01 2.999999999999999889e-02 -7.855556496049569404e-01 -7.418503615220185810e-02 2.999999999999999889e-02
-4.150854233020728201e-01 -4.353905385221422675e-01 2.999999999999999889e-02 -4.168810216337467955e-01 -3.036547914236867873e-01 2.999999999999999889e-02 -8.633534638276245676e-01 -2.389562929566689253e-01 2.999999999999999889e-02 -7.831964309198845564e-01 -7.519241819701372176e-02 2.999999999999999889e-02
-4.078766123965484880e-01 -4.351842030444058040e-01 2.999999999999999889e-02 -4.113774741304400129e-01 -3.034584776660362304e-01 2.999999999999999889e-02 -8.561654161887536363e-01 -2.384191568619118962e-01 2.999999999999999889e-02 -7.811042347125249918e-01 -7.795663377899872404e-02 2.999999999999999889e-02
-4.069564912053076911e-01 -4.341597876594770478e-01 2.999999999999999889e-02 -4.112417040900920862e-01 -3.017864813732579199e-01 2.999999999999999889e-02 -8.490422590228616784e-01 -2.376637868140971943e-01 2.999999999999999889e-02 -7.789402327197786358e-01 -7.684244402728397649e-02 2.999999999999999889e-02
-4.091627366054078063e-01 -4.369101410182993916e-01 2.999999999999999889e-02 -4.081360780342571104e-01 -3.023169780462314216e-01 2.999999999999999889e-02 -8.424701592536856243e-01 -2.359648852608403902e-01 2.999999999999999889e-02 -7.692200166440590348e-01 -7.458886188009851426e-02 2.999999999999999889e-02
-4.105813014207574940e-01 -4.360438689654368982e-01 2.999999999999999889e-02 -4.122750978086169860e-01 -3.030830686036345423e-01 2.999999999999999889e-02 -8.430385331158666284e-01 -2.380812410602823614e-01 2.999999999999999889e-02 -7.650484627109029878e-01 -7.450901114749050591e-02 2.999999999999999889e-02
-4.107715664614972062e-01 -4.374491803807888379e-01 2.999999999999999889e-02 -4.113533409876835023e-01 -3.023634062139736178e-01 2.999999999999999889e-02 -8.417606298767327244e-01 -2.358400649324601805e-01 2.999999999999999889e-02 -7.589471581096923769e-01 -7.385697355849678292e-02 2.999999999999999889e-02
-4.141855440406269628e-01 -4.363886556083084733e-01 2.999999999999999889e-02 -4.129586148447762506e-01 -3.021110867427688196e-01 2.999999999999999889e-02 -8.406536996976411436e-01 -2.346990446424282173e-01 2.999999999999999889e-02 -7.582497204662472789e-01 -7.326606736137976361e-02 2.999999999999999889e-02
-4.116486402295229108e-01 -4.348469261869644664e-01 2.999999999999999889e-02 -4.121409925743815816e-01 -3.019442099738474106e-01 2.999999999999999889e-02 -8.419230815619636044e-01 -2.359653420978205240e-01 2.999999999999999889e-02 -7.614336793919339597e-01 -7.557017415433307794e-02 2.999999999999999889e-02
-4.025260494684123613e-01 -4.324900978839071874e-01 2.999999999999999889e-02 -4.064004291517124279e-01 -3.008827294017162868e-01 2.999999999999999889e-02 -8.479894780146273181e-01 -2.359636708947145112e-01 2.999999999999999889e-02 -7.731500855191043575e-01 -8.051252406754487445e-02 2.999999999999999889e-02
-3.930665493176959124e-01 -4.283786230242586646e-01 2.999999999999999889e-02 -3.922401304193359195e-01 -2.969479726215996096e-01 2.999999999999999889e-02 -8.416778899162978833e-01 -2.349578055105902563e-01 2.999999999999999889e-02 -7.884650074715134904e-01 -8.316891397815630305e-02 2.999999999999999889e-02
-3.161457390788753874e-01 -4.601336738941596005e-01 4.824367371080817701e-02 -3.579750240963670560e-01 -2.844641356188253312e-01 2.999999999999999889e-02 -8.537911957358094162e-01 -2.209396355062568096e-01 2.999999999999999889e-02 -7.943061185180081418e-01 -3.913015053613715794e-02 3.734841475167404584e-02
-2.987070588778728553e-01 -4.584539575578746029e-01 2.999999999999999889e-02 -3.659865549072795488e-01 -2.890794908936932806e-01 2.999999999999999889e-02 -8.198294743259213480e-01 -3.216784257883762987e-01 2.999999999999999889e-02 -7.820894979131133296e-01 -1.265371811749397835e-01 5.880551898921770188e-02
-3.150789427923487152e-01 -4.664105178539929009e-01 2.999999999999999889e-02 -2.305708513918197089e-01 -3.723489068433520899e-01 2.999999999999999889e-02 -7.081522320428293993e-01 -5.198976735142489813e-01 4.635865937745157345e-02 -7.080365504831891421e-01 -2.681936867456845563e-01 2.999999999999999889e-02
-3.064955838855444870e-01 -4.790641722602175800e-01 2.999999999999999889e-02 -2.161028961947963900e-01 -3.632634408718255492e-01 3.331694168695589764e-02 -6.937300795850741553e-01 -5.565621114597901764e-01 3.284938420903628364e-02 -6.852503146645514409e-01 -2.731053673473994303e-01 2.999999999999999889e-02
-1.719381683560871898e-01 -5.480985931549317014e-01 2.999999999999999889e-02 -2.227460615309636571e-01 -3.649009405182759291e-01 3.135315337055354090e-02 -5.218926425619632159e-01 -7.318229083884002506e-01 1.273488809291699608e-01 -6.714934322335277539e-01 -3.596975169416558593e-01 3.819768158440419586e-02
-1.226034890064861271e-01 -5.363398070879024093e-01 2.999999999999999889e-02 -2.531746052049902440e-01 -3.842636847790646404e-01 2.999999999999999889e-02 -5.080578286815272682e-01 -7.399937056543758329e-01 1.334420122711484635e-01 -6.105144774301370925e-01 -4.824112403419412165e-01 3.571559749131616307e-02
-9.483121443812295159e-02 -5.164183826307879865e-01 2.999999999999999889e-02 -2.399113320633201596e-01 -3.695693701535781583e-01 2.999999999999999889e-02 -4.938739784333995297e-01 -7.414537529864202448e-01 1.421970054629982938e-01 -5.688701967442393315e-01 -4.933007867341402952e-01 4.074338851016254953e-02
